I
1130 Generated by WorldEditor 2.2.0r2

1     52 1 0 SKLC Antonio Roldan Betancur
1302 gui_label 3D
100 45.00 1 0 0.00 1 2 0 15  07.81924082 -076.72077778    0    0 0 0 1 0 33  07.80395744 -076.71181734    0    0 2 0 0 0
110 2 0.00 0.0000 New Taxiway 49
111  07.81588296 -076.71799832
111  07.81626091 -076.71737059
111  07.81630367 -076.71735953
111  07.81630332 -076.71739472
111  07.81654402 -076.71752376
113  07.81617556 -076.71815840
110 1 0.00 0.0000 New Taxiway 23
111  07.81707315 -076.71921307
112  07.81714884 -076.71916928  07.81716932 -076.71913921
111  07.81737891 -076.71880590
112  07.81735604 -076.71864246  07.81729330 -076.71860363
111  07.81771404 -076.71885291
112  07.81753576 -076.71890907  07.81750079 -076.71896977
111  07.81732328 -076.71926848
114  07.81732701 -076.71936430  07.81734376 -076.71938121
110 1 0.00 0.0000 New Taxiway 1
111  07.81729295 -076.71780805
111  07.81737790 -076.71765986
111  07.81730616 -076.71761725
111  07.81748881 -076.71724481
111  07.81774582 -076.71740865
112  07.81782156 -076.71739772  07.81783981 -076.71737103
111  07.81774311 -076.71753425
112  07.81770703 -076.71747311  07.81767727 -076.71745399
111  07.81760244 -076.71741684
113  07.81735810 -076.71784737
110 2 0.00 0.0000 New Taxiway 27
111  07.81629596 -076.71712047
111  07.81616906 -076.71705637
111  07.81640098 -076.71668721
113  07.81650925 -076.71675889
110 1 0.00 0.0000 New Taxiway 4
111  07.81857770 -076.71857590
111  07.81866297 -076.71848357
112  07.81866692 -076.71844709  07.81866636 -076.71841973
111  07.81864208 -076.71841859
111  07.81845359 -076.71843433
111  07.81845404 -076.71850066
111  07.81826839 -076.71839108
111  07.81833732 -076.71837711
111  07.81837527 -076.71828136
111  07.81846132 -076.71833471
111  07.81863898 -076.71813128
112  07.81879588 -076.71821992  07.81879822 -076.71821992
111  07.81869752 -076.71836648
111  07.81872797 -076.71838539
111  07.81885818 -076.71818347
111  07.81892198 -076.71822652
111  07.81895746 -076.71817147
111  07.81900664 -076.71819865
112  07.81903946 -076.71819437  07.81903946 -076.71819791
111  07.81915313 -076.71826984
111  07.81907572 -076.71839484
111  07.81922799 -076.71849511
111  07.81912681 -076.71865676
111  07.81891863 -076.71855018
111  07.81883138 -076.71855604
112  07.81883232 -076.71847102  07.81883232 -076.71847054
111  07.81884879 -076.71846532
111  07.81885068 -076.71845487
111  07.81883703 -076.71845392
111  07.81882244 -076.71844537
111  07.81879939 -076.71843492
111  07.81877081 -076.71848329
113  07.81865437 -076.71862127
110 4 0.00 0.0000 New Taxiway 35
111  07.80567912 -076.71362523
112  07.80539628 -076.71337851  07.80525475 -076.71330384
111  07.80525475 -076.71328111
112  07.80523296 -076.71324928  07.80521280 -076.71324302
111  07.80519418 -076.71323519
111  07.80509026 -076.71314281
111  07.80487260 -076.71308225
112  07.80457552 -076.71295825  07.80439012 -076.71285229
111  07.80420473 -076.71275534
111  07.80402836 -076.71267384
112  07.80348799 -076.71228815  07.80333746 -076.71222192
111  07.80288972 -076.71195700
112  07.80277007 -076.71187908  07.80277007 -076.71187519
112  07.80269287 -076.71152846  07.80277007 -076.71127133
111  07.80301324 -076.71088564
112  07.80312989 -076.71077705  07.80311445 -076.71071862
111  07.80316604 -076.71069579
111  07.80330382 -076.71069957
112  07.80343569 -076.71075152  07.80350645 -076.71076775
111  07.80359008 -076.71088138
111  07.80409031 -076.71117448
111  07.80418758 -076.71126330
111  07.80456738 -076.71150640
112  07.80521443 -076.71179864  07.80541063 -076.71194149
111  07.80538168 -076.71201291
111  07.80587702 -076.71230186
111  07.80622106 -076.71253016
112  07.80645265 -076.71274988  07.80649897 -076.71280599
111  07.80673139 -076.71284064
111  07.80683946 -076.71308998
111  07.80734278 -076.71339386
112  07.80758363 -076.71335178  07.80767163 -076.71331906
111  07.80769942 -076.71339386
111  07.80779206 -076.71347334
112  07.80803754 -076.71355281  07.80815334 -076.71353879
111  07.80819039 -076.71359021
111  07.80863040 -076.71385669
112  07.80886199 -076.71397357  07.80893147 -076.71409980
111  07.80901484 -076.71413252
112  07.80919085 -076.71420265  07.80925106 -076.71427745
111  07.81016911 -076.71476729
111  07.81020153 -076.71488417
111  07.81045628 -076.71504313
112  07.81059060 -076.71523480  07.81062765 -076.71530026
111  07.81088703 -076.71533298
112  07.81138726 -076.71552466  07.81159106 -076.71566024
111  07.81168369 -076.71570699
112  07.81205886 -076.71586127  07.81217466 -076.71593140
111  07.81416631 -076.71709083
112  07.81434232 -076.71728251  07.81437937 -076.71734797
111  07.81453222 -076.71739472
111  07.81561605 -076.71799781
112  07.81575037 -076.71802587  07.81578279 -076.71801184
111  07.81571922 -076.71807880
112  07.81570857 -076.71806684  07.81569735 -076.71806231
111  07.81540060 -076.71793304
111  07.81483101 -076.71760612
111  07.81435747 -076.71736262
112  07.81415421 -076.71713716  07.81405146 -076.71708756
111  07.81334871 -076.71666880
111  07.81199871 -076.71589264
112  07.81147764 -076.71567447  07.81139272 -076.71562382
111  07.81123447 -076.71552642
112  07.81107277 -076.71543281  07.81101916 -076.71542740
111  07.81076185 -076.71538681
112  07.81055277 -076.71527048  07.81049112 -076.71518661
111  07.81043215 -076.71509191
111  07.81018288 -076.71493499
111  07.81013656 -076.71479258
111  07.80922179 -076.71426663
112  07.80909055 -076.71418481  07.80902108 -076.71416923
111  07.80894774 -076.71414586
112  07.80877083 -076.71395301  07.80871615 -076.71394002
111  07.80858750 -076.71390106
111  07.80815005 -076.71362186
112  07.80771568 -076.71347231  07.80761919 -076.71338660
111  07.80752270 -076.71341777
112  07.80713672 -076.71334765  07.80692829 -076.71322298
111  07.80682021 -076.71317623
111  07.80675846 -076.71311779
111  07.80669670 -076.71293468
111  07.80648827 -076.71286845
111  07.80633572 -076.71270817
111  07.80592813 -076.71239494
111  07.80536768 -076.71205834
111  07.80533526 -076.71202562
112  07.80528894 -076.71191809  07.80521484 -076.71185732
111  07.80515925 -076.71181524
111  07.80494619 -076.71169369
111  07.80455250 -076.71154877
111  07.80415193 -076.71130341
111  07.80409079 -076.71123609
111  07.80351274 -076.71088827
111  07.80347384 -076.71082095
111  07.80331265 -076.71076485
111  07.80326819 -076.71074802
111  07.80324596 -076.71074241
111  07.80319077 -076.71074592
112  07.80318541 -076.71078650  07.80318541 -076.71078920
112  07.80318005 -076.71082167  07.80318005 -076.71082708
112  07.80315860 -076.71084331  07.80314520 -076.71085413
112  07.80312644 -076.71086766  07.80312108 -076.71087578
111  07.80306211 -076.71090824
111  07.80304517 -076.71090770
111  07.80281465 -076.71133246
112  07.80284146 -076.71187355  07.80311486 -076.71202776
111  07.80333733 -076.71216303
112  07.80376352 -076.71242276  07.80382517 -076.71247416
111  07.80396187 -076.71254721
112  07.80406641 -076.71263108  07.80411733 -076.71265272
111  07.80439342 -076.71280693
111  07.80469630 -076.71298008
111  07.80494290 -076.71305854
112  07.80513321 -076.71313429  07.80517610 -076.71318840
111  07.80523507 -076.71319381
112  07.80533156 -076.71326415  07.80534228 -076.71332638
111  07.80543074 -076.71331826
114  07.80565053 -076.71350765  07.80566929 -076.71358610
110 2 0.00 0.0000 New Taxiway 26
111  07.81614339 -076.71737252
111  07.81551298 -076.71699787
111  07.81560809 -076.71686186
111  07.81569823 -076.71690855
111  07.81566937 -076.71694678
111  07.81573202 -076.71703500
113  07.81617656 -076.71730493
110 1 0.00 0.0000 New Taxiway 25
111  07.81553912 -076.71831340
112  07.81559655 -076.71828897  07.81560772 -076.71827206
111  07.81614300 -076.71737133
111  07.81617671 -076.71730514
111  07.81573221 -076.71703458
111  07.81566967 -076.71694666
111  07.81569871 -076.71690833
111  07.81560713 -076.71686323
111  07.81567318 -076.71674847
111  07.81616834 -076.71705663
111  07.81629628 -076.71712025
111  07.81650909 -076.71675892
111  07.81671950 -076.71688748
111  07.81649933 -076.71728775
111  07.81656776 -076.71732551
111  07.81658434 -076.71742062
111  07.81683362 -076.71756789
111  07.81683585 -076.71742359
111  07.81699445 -076.71751153
111  07.81693860 -076.71760622
111  07.81695647 -076.71761073
111  07.81695424 -076.71769866
111  07.81707025 -076.71770709
111  07.81704635 -076.71774790
111  07.81695865 -076.71775118
111  07.81697416 -076.71786339
111  07.81692235 -076.71794724
111  07.81688583 -076.71770078
111  07.81634713 -076.71742134
111  07.81630245 -076.71739429
111  07.81630317 -076.71735962
111  07.81626102 -076.71737061
111  07.81569997 -076.71830214
114  07.81569617 -076.71840634  07.81571168 -076.71846766
110 2 0.00 0.0000 New Taxiway 29
111  07.81656690 -076.71732480
111  07.81649871 -076.71728942
111  07.81671951 -076.71688747
111  07.81680178 -076.71693516
111  07.81661683 -076.71726992
111  07.81663311 -076.71728443
111  07.81660821 -076.71731782
111  07.81658403 -076.71729580
113  07.81656914 -076.71731835
110 1 0.00 0.0000 New Taxiway 1
112  07.81807425 -076.71827544  07.81808508 -076.71828119
111  07.81811318 -076.71824590
112  07.81830510 -076.71786999  07.81830681 -076.71786827
112  07.81830990 -076.71781828  07.81828996 -076.71780333
111  07.81823924 -076.71782921
111  07.81774151 -076.71753836
111  07.81782319 -076.71739695
111  07.81795146 -076.71718123
111  07.81798091 -076.71715291
111  07.81844218 -076.71740750
111  07.81867835 -076.71725459
111  07.81885156 -076.71721203
111  07.81889177 -076.71728813
112  07.81869655 -076.71741706  07.81869688 -076.71741706
111  07.81864082 -076.71752758
111  07.81858173 -076.71758733
111  07.81860547 -076.71762162
111  07.81846289 -076.71784175
111  07.81853847 -076.71788567
111  07.81846328 -076.71802345
111  07.81835687 -076.71796270
111  07.81826096 -076.71806980
112  07.81814494 -076.71828973  07.81813513 -076.71830901
113  07.81814903 -076.71832017
110 1 0.00 0.0000 New Taxiway 43
111  07.81700739 -076.71739250
111  07.81700399 -076.71739001
111  07.81701666 -076.71736972
111  07.81706334 -076.71735132
111  07.81708628 -076.71737123
113  07.81706803 -076.71738927
110 1 0.00 0.0000 New Taxiway 42
111  07.81683628 -076.71742398
111  07.81689561 -076.71732672
111  07.81689370 -076.71727456
111  07.81699012 -076.71711670
111  07.81705913 -076.71715778
111  07.81705104 -076.71717382
111  07.81720360 -076.71726059
111  07.81713861 -076.71738098
111  07.81708606 -076.71737130
111  07.81706321 -076.71735120
111  07.81705172 -076.71736608
111  07.81701628 -076.71736944
111  07.81700409 -076.71738956
111  07.81694650 -076.71735155
112  07.81695183 -076.71740652  07.81696845 -076.71741863
111  07.81700537 -076.71739347
111  07.81701864 -076.71737550
111  07.81705556 -076.71737737
111  07.81706756 -076.71738855
113  07.81699438 -076.71751163
110 2 0.00 0.0000 New Taxiway 24
111  07.81832289 -076.71920964
111  07.81672163 -076.71827088
111  07.81708523 -076.71768417
113  07.81866619 -076.71862827
110 1 0.00 0.0000 New Taxiway 127
111  07.81767196 -076.71748305
111  07.81768430 -076.71745947
111  07.81771106 -076.71747510
113  07.81769925 -076.71749762
110 2 0.00 0.0000 New Taxiway 141
111  07.81785442 -076.71814377
111  07.81793841 -076.71800276
111  07.81796052 -076.71801364
113  07.81787702 -076.71815755
110 2 0.00 0.0000 New Taxiway 140
111  07.81797258 -076.71821359
111  07.81805815 -076.71806701
111  07.81807739 -076.71807770
113  07.81799283 -076.71822604
120 Linear Feature 3
111  07.80364891 -076.71173008 10
111  07.80376948 -076.71170629 10
115  07.80374458 -076.71158623
120 Linear Feature 2
111  07.80342164 -076.71158851 10
111  07.80353816 -076.71157046 10
115  07.80351884 -076.71146278
120 Linear Feature 12
111  07.81945751 -076.72101609 10
111  07.81942434 -076.72088567 10
115  07.81955257 -076.72086375
120 Linear Feature 11
111  07.81968809 -076.72114994 10
111  07.81965752 -076.72102595 10
115  07.81977856 -076.72099647
120 Linear Feature 10
111  07.81991919 -076.72128778 10
111  07.81988885 -076.72116128 10
115  07.82000034 -076.72113413
120 Linear Feature 9
111  07.82014505 -076.72141894 10
111  07.82012071 -076.72129761 10
115  07.82023484 -076.72126783
120 Linear Feature 24
111  07.81865377 -076.71862395 102
111  07.81866322 -076.71862992 102
111  07.81831935 -076.71920602 102
115  07.81772025 -076.71885296
120 Linear Feature 22
111  07.81735596 -076.71864204 102
111  07.81672665 -076.71827234 102
115  07.81692332 -076.71795119
120 Linear Feature 21
111  07.81829862 -076.71795124 22
115  07.81835378 -076.71785445
120 Linear Feature 20
111  07.81845010 -076.71776198 22
116  07.81831053 -076.71781461  07.81825069 -076.71778442
120 Linear Feature 18
111  07.80342226 -076.71159204 10
111  07.80354197 -076.71157311 10
115  07.80352252 -076.71146210
120 Linear Feature 17
111  07.80364979 -076.71173380 10
111  07.80377388 -076.71170901 10
115  07.80374803 -076.71158506
120 Linear Feature 22
111  07.82014167 -076.72141967 10
111  07.82011672 -076.72129544 10
115  07.82023392 -076.72126430
120 Linear Feature 21
111  07.81991576 -076.72128865 10
111  07.81988473 -076.72115870 10
115  07.81999952 -076.72113051
120 Linear Feature 20
111  07.81968463 -076.72115087 10
111  07.81965321 -076.72102327 10
115  07.81977770 -076.72099273
120 Linear Feature 19
111  07.81945391 -076.72101702 10
111  07.81942005 -076.72088282 10
115  07.81955201 -076.72086017
120 Linear Feature 2
111  07.81856172 -076.71857169 20
115  07.81845208 -076.71850647
120 Linear Feature 4
111  07.81945574 -076.72101654 10
111  07.81942214 -076.72088417 10
115  07.81955230 -076.72086206
120 Linear Feature 3
111  07.80342195 -076.71159018 10
111  07.80353998 -076.71157181 10
115  07.80352066 -076.71146245
120 Linear Feature 2
111  07.80364942 -076.71173193 10
111  07.80377158 -076.71170764 10
115  07.80374631 -076.71158543
120 Linear Feature 20
111  07.81720280 -076.71928428 51 101
115  07.81749406 -076.71879670
120 Linear Feature 19
111  07.81771832 -076.71885316 1
111  07.81832130 -076.71920599 1
111  07.81866365 -076.71862961 1
111  07.81865141 -076.71862180 1
116  07.81865203 -076.71862087  07.81865215 -076.71862074
120 Linear Feature 49
111  07.81815837 -076.71875785 30
111  07.81820659 -076.71885850 30
115  07.81844061 -076.71900437
120 Linear Feature 27
111  07.81579342 -076.71796193 54
115  07.81587380 -076.71801023
120 Linear Feature 26
111  07.81733700 -076.71888208 54 104
115  07.81749318 -076.71897488
120 Linear Feature 24
111  07.81777905 -076.71885244 52 103
115  07.81783647 -076.71875584
120 Linear Feature 23
111  07.81731490 -076.71857396 52 103
115  07.81737279 -076.71847728
120 Linear Feature 22
111  07.81749306 -076.71879835 51 101
116  07.81772923 -076.71875466  07.81786334 -076.71883643
120 Linear Feature 21
111  07.81749364 -076.71879768 51 101
116  07.81743088 -076.71857675  07.81733320 -076.71851697
120 Linear Feature 18
111  07.81672316 -076.71827055 1
115  07.81735754 -076.71863978
120 Linear Feature 16
111  07.81683889 -076.71742722 20
111  07.81683796 -076.71757350 20
115  07.81659371 -076.71743138
120 Linear Feature 15
111  07.81695478 -076.71770004 20
112  07.81695279 -076.71769728  07.81695279 -076.71769465 20
111  07.81695539 -076.71761302 20
111  07.81693722 -076.71760703 20
115  07.81699157 -076.71751219
120 Linear Feature 14
111  07.81706895 -076.71771016 20
115  07.81695483 -076.71769976
120 Linear Feature 13
111  07.81697305 -076.71786312 20
111  07.81695705 -076.71774942 20
115  07.81704709 -076.71774621
120 Linear Feature 12
111  07.81692372 -076.71794365 20
111  07.81688913 -076.71770590 20
112  07.81688097 -076.71769593  07.81687281 -076.71769203 20
115  07.81654861 -076.71751985
120 Linear Feature 11
111  07.81888998 -076.71728981 20
111  07.81869492 -076.71741490 20
111  07.81863787 -076.71752360 20
111  07.81849569 -076.71767591 20
112  07.81849659 -076.71767932  07.81849845 -076.71768095 20
115  07.81849696 -076.71768221
120 Linear Feature 10
111  07.81729216 -076.71781494 20
111  07.81738243 -076.71765919 20
111  07.81730876 -076.71761591 20
111  07.81748781 -076.71724731 20
111  07.81774639 -076.71741180 20
112  07.81782731 -076.71739608  07.81784623 -076.71736350 20
111  07.81795607 -076.71718369 20
111  07.81797925 -076.71716113 20
112  07.81799367 -076.71716321  07.81800269 -076.71716919 20
111  07.81843166 -076.71740869 20
112  07.81845935 -076.71740683  07.81847504 -076.71739751 20
111  07.81868088 -076.71725962 20
112  07.81873996 -076.71724157  07.81875438 -076.71723348 20
115  07.81876143 -076.71725951
120 Linear Feature 9
111  07.81806788 -076.71827851 20
111  07.81806923 -076.71827873 20
112  07.81811312 -076.71824563  07.81812800 -076.71821819 20
111  07.81816893 -076.71814020 20
111  07.81831382 -076.71786780 20
112  07.81831220 -076.71781516  07.81828747 -076.71780299 20
111  07.81828191 -076.71780674 20
111  07.81823863 -076.71782296 20
111  07.81774341 -076.71753861 20
111  07.81774410 -076.71753471 20
112  07.81770760 -076.71747125  07.81767021 -076.71744924 20
111  07.81760230 -076.71741280 20
112  07.81759773 -076.71741650  07.81759526 -076.71742025 20
115  07.81735336 -076.71784944
120 Linear Feature 8
111  07.81826796 -076.71805480 22
115  07.81849533 -076.71768407
120 Linear Feature 7
111  07.81826647 -076.71839160 20
112  07.81825911 -076.71838788  07.81825218 -076.71838477 20
111  07.81814680 -076.71832188 20
112  07.81814353 -076.71828820  07.81815466 -076.71826698 20
115  07.81826791 -076.71805478
120 Linear Feature 6
111  07.81861642 -076.71860002 22
115  07.81869431 -076.71851735
120 Linear Feature 48
111  07.81687424 -076.71802570 30
111  07.81721079 -076.71823177 30
111  07.81735753 -076.71826397 30
115  07.81815847 -076.71875798
120 Linear Feature 45
111  07.81729277 -076.71781444 20
112  07.81728640 -076.71781608  07.81728238 -076.71781358 20
115  07.81708106 -076.71769166
120 Linear Feature 44
111  07.81806763 -076.71827764 20
111  07.81735361 -076.71785622 20
116  07.81735365 -076.71784890  07.81735752 -076.71784283
120 Linear Feature 41
111  07.81625906 -076.71736482 1
115  07.81637337 -076.71716751
120 Linear Feature 34
111  07.81587445 -076.71801092 1
115  07.81625874 -076.71736486
120 Linear Feature 33
111  07.82014338 -076.72141930 10
111  07.82011865 -076.72129634 10
115  07.82023440 -076.72126611
120 Linear Feature 32
111  07.81991750 -076.72128821 10
111  07.81988668 -076.72115996 10
115  07.81999996 -076.72113239
120 Linear Feature 31
111  07.81968638 -076.72115038 10
111  07.81965538 -076.72102456 10
115  07.81977818 -076.72099462
120 Linear Feature 1
111  07.81786678 -076.71883718 51 101
115  07.81720047 -076.71843939
120 Linear Feature 25
111  07.81561395 -076.71835900 51 101
115  07.81654148 -076.71680341
120 Linear Feature 35
111  07.81579791 -076.71795988 1
115  07.81650690 -076.71677012
120 Linear Feature 37
111  07.81629978 -076.71735685 1
112  07.81630667 -076.71736434  07.81630630 -076.71737370 1
111  07.81630630 -076.71739242 1
115  07.81634820 -076.71741789
120 Linear Feature 36
111  07.81629994 -076.71735683 1
115  07.81625867 -076.71736485
120 Linear Feature 39
111  07.81637454 -076.71743006 2
115  07.81647866 -076.71724894
120 Linear Feature 38
111  07.81634818 -076.71741815 1
115  07.81638363 -076.71743604
120 Linear Feature 6
111  07.81851816 -076.71861635 30
115  07.81707802 -076.71776940
120 Linear Feature 14
111  07.81719182 -076.71800975 30
115  07.81709454 -076.71816021
120 Linear Feature 12
111  07.81722145 -076.71800751 30
115  07.81721947 -076.71802682
120 Linear Feature 11
111  07.81719131 -076.71801005 30
115  07.81722142 -076.71800749
120 Linear Feature 8
111  07.81707866 -076.71776836 20
112  07.81705928 -076.71777712  07.81705102 -076.71778963 20
111  07.81704807 -076.71779460 20
115  07.81689653 -076.71803865
120 Linear Feature 7
111  07.81707812 -076.71776952 30
112  07.81706035 -076.71777770  07.81705216 -076.71778946 30
115  07.81689728 -076.71803985
120 Linear Feature 6
111  07.81744851 -076.71816439 30
111  07.81741854 -076.71821854 30
115  07.81742941 -076.71830857
120 Linear Feature 10
111  07.81728355 -076.71791583 30
115  07.81729532 -076.71789754
120 Linear Feature 5
111  07.81744843 -076.71816492 30
111  07.81738574 -076.71800442 30
111  07.81740623 -076.71796280 30
111  07.81734877 -076.71792938 30
111  07.81733809 -076.71794761 30
111  07.81722985 -076.71788455 30
111  07.81724107 -076.71786530 30
111  07.81718577 -076.71783279 30
115  07.81715973 -076.71787449
120 Linear Feature 4
111  07.81764433 -076.71844130 30
111  07.81771440 -076.71832584 30
111  07.81766125 -076.71816609 30
111  07.81768328 -076.71812560 30
111  07.81761101 -076.71808331 30
111  07.81758672 -076.71812345 30
111  07.81742306 -076.71815182 30
115  07.81735769 -076.71826375
120 Linear Feature 3
111  07.81784801 -076.71827709 30
111  07.81768186 -076.71830540 30
115  07.81761110 -076.71842047
120 Linear Feature 2
111  07.81787400 -076.71823752 30
115  07.81784804 -076.71827708
120 Linear Feature 1
111  07.81792583 -076.71832350 30
111  07.81795011 -076.71828251 30
115  07.81787353 -076.71823748
120 Linear Feature 5
111  07.81859036 -076.71865732 20
115  07.81707841 -076.71776813
120 Linear Feature 4
111  07.81791104 -076.71860501 30
111  07.81797924 -076.71848606 30
115  07.81792596 -076.71832299
120 Linear Feature 3
111  07.81821927 -076.71862809 30
111  07.81818304 -076.71847399 30
111  07.81820773 -076.71843390 30
111  07.81813663 -076.71839198 30
111  07.81811389 -076.71843195 30
111  07.81794769 -076.71846662 30
115  07.81787857 -076.71858593
120 Linear Feature 2
111  07.81821544 -076.71861382 30
111  07.81822441 -076.71865025 30
115  07.81815843 -076.71875809
120 Linear Feature 1
111  07.81819207 -076.71863218 30
115  07.81812665 -076.71873872
120 Linear Feature 80
111  07.81843588 -076.71865174 52
115  07.81842986 -076.71864792
120 Linear Feature 79
111  07.81728237 -076.71848524 52
116  07.81728396 -076.71848903  07.81728537 -076.71848981
120 Linear Feature 77
111  07.81727376 -076.71844625 52
115  07.81728259 -076.71848652
120 Linear Feature 76
111  07.81696246 -076.71825693 51
115  07.81694461 -076.71828573
120 Linear Feature 75
111  07.81713043 -076.71835988 51
115  07.81711346 -076.71838644
120 Linear Feature 74
111  07.81739221 -076.71851932 51
115  07.81737775 -076.71854427
120 Linear Feature 73
111  07.81765335 -076.71868108 51
115  07.81764116 -076.71870165
120 Linear Feature 72
111  07.81791880 -076.71884281 51
115  07.81790769 -076.71886091
120 Linear Feature 60
111  07.81819575 -076.71900749 51
115  07.81818451 -076.71902635
120 Linear Feature 59
111  07.81820485 -076.71903782 52
115  07.81821472 -076.71902156
120 Linear Feature 55
111  07.81813828 -076.71848247 51
115  07.81813054 -076.71847774
120 Linear Feature 53
111  07.81815184 -076.71845998 51
115  07.81814340 -076.71845489
120 Linear Feature 52
111  07.81786936 -076.71833741 51
115  07.81786238 -076.71833328
120 Linear Feature 51
111  07.81788164 -076.71831888 51
115  07.81787446 -076.71831417
120 Linear Feature 49
111  07.81760714 -076.71817978 51
115  07.81760090 -076.71817581
120 Linear Feature 48
111  07.81761936 -076.71816148 51
115  07.81761245 -076.71815698
120 Linear Feature 47
111  07.81762453 -076.71815459 51
115  07.81761691 -076.71814964
120 Linear Feature 46
111  07.81733387 -076.71802904 51
115  07.81732813 -076.71802572
120 Linear Feature 38
111  07.81816789 -076.71842372 51
115  07.81792707 -076.71882859
120 Linear Feature 37
111  07.81820336 -076.71903819 51
116  07.81820486 -076.71903780  07.81820555 -076.71903693
120 Linear Feature 35
111  07.81842249 -076.71863462 51
115  07.81841395 -076.71862969
120 Linear Feature 36
111  07.81841072 -076.71865471 51
115  07.81840214 -076.71864978
120 Linear Feature 34
111  07.81842908 -076.71862362 51
115  07.81842058 -076.71861885
120 Linear Feature 33
111  07.81820467 -076.71899378 51
115  07.81844546 -076.71858705
120 Linear Feature 32
111  07.81843361 -076.71864880 52
115  07.81822349 -076.71900684
120 Linear Feature 31
111  07.81723406 -076.71787966 22
115  07.81724184 -076.71786642
120 Linear Feature 30
111  07.81722699 -076.71789205 22
115  07.81723520 -076.71787795
120 Linear Feature 29
111  07.81733704 -076.71794690 20
115  07.81734782 -076.71792875
120 Linear Feature 28
111  07.81760999 -076.71808292 20
111  07.81758603 -076.71812237 20
115  07.81744224 -076.71814742
120 Linear Feature 27
111  07.81787244 -076.71823744 20
111  07.81784732 -076.71827626 20
115  07.81770660 -076.71829989
120 Linear Feature 26
111  07.81797467 -076.71846792 22
111  07.81792763 -076.71832283 22
115  07.81795102 -076.71828357
120 Linear Feature 25
111  07.81813546 -076.71839196 20
111  07.81811316 -076.71843105 20
115  07.81797143 -076.71846047
120 Linear Feature 24
111  07.81840889 -076.71855281 22
111  07.81838456 -076.71859161 22
111  07.81822014 -076.71862622 22
111  07.81818446 -076.71847411 22
115  07.81820856 -076.71843497
120 Linear Feature 23
111  07.81851813 -076.71861632 30
115  07.81854182 -076.71863022
120 Linear Feature 22
111  07.81855476 -076.71882359 22
111  07.81849651 -076.71865699 22
115  07.81851871 -076.71861710
120 Linear Feature 88
111  07.81704706 -076.71774621 20
112  07.81704651 -076.71774960  07.81704504 -076.71775176 20
111  07.81697491 -076.71786377 20
116  07.81697307 -076.71786297  07.81697272 -076.71786040
120 Linear Feature 133
111  07.81798159 -076.71724228 20
115  07.81794506 -076.71722002
120 Linear Feature 132
112  07.81800842 -076.71731172  07.81800873 -076.71731140 20
115  07.81802920 -076.71727262
120 Linear Feature 131
111  07.81791563 -076.71749554 20
115  07.81793894 -076.71745295
120 Linear Feature 108
111  07.81837750 -076.71764206 25
115  07.81795742 -076.71741158
120 Linear Feature 107
111  07.81837840 -076.71764049 25
115  07.81795825 -076.71740990
120 Linear Feature 130
112  07.81796509 -076.71740457  07.81796536 -076.71740404 20
115  07.81798583 -076.71736457
120 Linear Feature 128
111  07.81795907 -076.71728616 20
115  07.81791905 -076.71726188
120 Linear Feature 126
111  07.81812383 -076.71827237 22
111  07.81813363 -076.71825706 22
111  07.81818623 -076.71815381 22
115  07.81829856 -076.71795070
120 Linear Feature 123
111  07.81813763 -076.71829818 25
115  07.81809371 -076.71826916
120 Linear Feature 122
111  07.81814081 -076.71829353 25
115  07.81809889 -076.71826547
120 Linear Feature 125
111  07.81814293 -076.71829028 25
115  07.81810204 -076.71826298
120 Linear Feature 124
111  07.81814187 -076.71829193 25
115  07.81810055 -076.71826441
120 Linear Feature 121
111  07.81814404 -076.71828856 25
115  07.81810358 -076.71826172
120 Linear Feature 120
111  07.81813663 -076.71829975 25
115  07.81809196 -076.71827029
120 Linear Feature 119
111  07.81813976 -076.71829502 25
115  07.81809721 -076.71826661
120 Linear Feature 118
111  07.81813869 -076.71829659 25
115  07.81809547 -076.71826794
120 Linear Feature 116
111  07.81742401 -076.71740216 20
115  07.81745178 -076.71735682
120 Linear Feature 115
111  07.81746848 -076.71743002 20
115  07.81749514 -076.71738737
120 Linear Feature 111
111  07.81733181 -076.71781549 22
115  07.81741311 -076.71767429
120 Linear Feature 110
111  07.81736087 -076.71783500 25
115  07.81730349 -076.71780025
120 Linear Feature 109
111  07.81735572 -076.71784306 25
115  07.81729874 -076.71780846
120 Linear Feature 108
111  07.81735660 -076.71784173 25
115  07.81729962 -076.71780698
120 Linear Feature 107
111  07.81735879 -076.71783840 25
115  07.81730159 -076.71780373
120 Linear Feature 106
111  07.81735769 -076.71783998 25
115  07.81730061 -076.71780536
120 Linear Feature 105
111  07.81735987 -076.71783668 25
115  07.81730262 -076.71780204
120 Linear Feature 104
111  07.81748450 -076.71791313 25
115  07.81744898 -076.71788984
120 Linear Feature 103
111  07.81748347 -076.71791479 25
115  07.81744817 -076.71789148
120 Linear Feature 102
111  07.81748568 -076.71791147 25
115  07.81745024 -076.71788813
120 Linear Feature 101
111  07.81748144 -076.71791819 25
115  07.81744599 -076.71789498
120 Linear Feature 100
111  07.81748248 -076.71791646 25
115  07.81744696 -076.71789295
120 Linear Feature 99
111  07.81748688 -076.71790985 25
115  07.81745150 -076.71788656
120 Linear Feature 98
111  07.81756358 -076.71796640 25
115  07.81752843 -076.71794326
120 Linear Feature 97
111  07.81756379 -076.71794315 20
111  07.81754741 -076.71793266 20
113  07.81756989 -076.71791611 20
120 Linear Feature 96
111  07.81756773 -076.71796002 25
115  07.81753231 -076.71793669
120 Linear Feature 95
111  07.81756673 -076.71796154 25
115  07.81753127 -076.71793826
120 Linear Feature 94
111  07.81756563 -076.71796315 25
115  07.81753017 -076.71793974
120 Linear Feature 93
111  07.81756460 -076.71796475 25
115  07.81752926 -076.71794147
120 Linear Feature 92
111  07.81756881 -076.71795841 25
115  07.81753341 -076.71793512
120 Linear Feature 91
111  07.81756359 -076.71796640 25
115  07.81752836 -076.71794325
120 Linear Feature 90
111  07.81696592 -076.71774210 20
111  07.81696574 -076.71773033 20
113  07.81698287 -076.71773640 20
120 Linear Feature 89
111  07.81705092 -076.71777994 20
111  07.81704115 -076.71777243 20
113  07.81703704 -076.71778862 20
120 Linear Feature 87
111  07.81705997 -076.71777456 24
115  07.81704150 -076.71776110
120 Linear Feature 86
111  07.81687636 -076.71802467 20
111  07.81692313 -076.71794771 20
116  07.81692365 -076.71794354  07.81692335 -076.71794157
120 Linear Feature 84
111  07.81672321 -076.71827066 1
115  07.81687450 -076.71802658
120 Linear Feature 83
111  07.81695853 -076.71774672 24
111  07.81695811 -076.71772383 24
115  07.81697581 -076.71772407
120 Linear Feature 82
111  07.81709435 -076.71773606 22
112  07.81704559 -076.71772651  07.81701800 -076.71772536 22
115  07.81696257 -076.71772413
120 Linear Feature 4
111  07.81814195 -076.71827957 20
111  07.81813019 -076.71827091 20
113  07.81814736 -076.71825904 20
120 Linear Feature 3
111  07.81735753 -076.71782343 20
111  07.81734137 -076.71781247 20
113  07.81736283 -076.71779857 20
120 Linear Feature 2
111  07.81858993 -076.71865704 20
116  07.81865298 -076.71861997  07.81869554 -076.71857171
120 Linear Feature 1
112  07.81694478 -076.71828660  07.81694478 -076.71828659 51
116  07.81694467 -076.71828560  07.81694515 -076.71828482
120 Linear Feature 148
111  07.81806944 -076.71759498 25
115  07.81801536 -076.71769300
120 Linear Feature 147
111  07.81807265 -076.71759685 25
115  07.81801888 -076.71769486
120 Linear Feature 146
111  07.81807102 -076.71759588 25
115  07.81801706 -076.71769396
120 Linear Feature 151
111  07.81807943 -076.71760061 25
115  07.81802547 -076.71769865
120 Linear Feature 150
111  07.81808269 -076.71760243 25
115  07.81802868 -076.71770060
120 Linear Feature 149
111  07.81808108 -076.71760153 25
115  07.81802706 -076.71769969
120 Linear Feature 145
111  07.81807768 -076.71759967 25
115  07.81802373 -076.71769774
120 Linear Feature 144
111  07.81807607 -076.71759878 25
115  07.81802218 -076.71769679
120 Linear Feature 143
111  07.81806754 -076.71759395 25
115  07.81801372 -076.71769194
120 Linear Feature 142
111  07.81807444 -076.71759783 25
115  07.81802064 -076.71769584
120 Linear Feature 141
111  07.81808543 -076.71759752 1
115  07.81807059 -076.71758875
120 Linear Feature 140
111  07.81807030 -076.71758929 1
111  07.81809609 -076.71754274 1
111  07.81811108 -076.71755130 1
115  07.81808517 -076.71759814
120 Linear Feature 139
111  07.81813855 -076.71750522 1
111  07.81812040 -076.71749693 1
111  07.81814293 -076.71745363 1
113  07.81816074 -076.71746234 1
120 Linear Feature 68
111  07.81705907 -076.71777597 24
115  07.81704050 -076.71776253
120 Linear Feature 67
111  07.81696023 -076.71774663 24
115  07.81695992 -076.71772367
120 Linear Feature 66
111  07.81744253 -076.71814741 20
115  07.81751069 -076.71802164
120 Linear Feature 65
111  07.81770665 -076.71830066 20
115  07.81778048 -076.71818098
120 Linear Feature 64
111  07.81744295 -076.71814732 22
111  07.81738711 -076.71800432 22
115  07.81740716 -076.71796368
120 Linear Feature 63
111  07.81770685 -076.71829988 22
111  07.81766275 -076.71816628 22
115  07.81768405 -076.71812716
120 Linear Feature 62
111  07.81797131 -076.71846172 20
115  07.81804330 -076.71833563
120 Linear Feature 61
111  07.81821909 -076.71862775 20
115  07.81830330 -076.71848849
120 Linear Feature 60
111  07.81625724 -076.71774752 1
115  07.81626390 -076.71773690
120 Linear Feature 59
111  07.81632148 -076.71763058 1
115  07.81632806 -076.71762069
120 Linear Feature 58
112  07.81638513 -076.71752255  07.81638513 -076.71752244 1
115  07.81639118 -076.71751319
120 Linear Feature 57
111  07.81626829 -076.71741378 1
115  07.81625728 -076.71741631
120 Linear Feature 56
111  07.81616213 -076.71756632 1
115  07.81616844 -076.71755683
120 Linear Feature 55
111  07.81610181 -076.71766610 1
115  07.81610790 -076.71765670
120 Linear Feature 54
111  07.81604379 -076.71776711 1
115  07.81605007 -076.71775713
120 Linear Feature 53
111  07.81619778 -076.71786097 1
115  07.81620308 -076.71785020
120 Linear Feature 46
111  07.81772676 -076.71744087 1
115  07.81748892 -076.71730009
120 Linear Feature 45
111  07.81787767 -076.71884417 51 101
115  07.81820348 -076.71903824
120 Linear Feature 34
111  07.81833797 -076.71773761 20
111  07.81832527 -076.71773739 20
112  07.81832240 -076.71773685  07.81832008 -076.71773549 20
111  07.81806330 -076.71758702 20
115  07.81790970 -076.71750171
120 Linear Feature 24
111  07.81843339 -076.71754750 20
115  07.81845498 -076.71750636
120 Linear Feature 22
111  07.81838253 -076.71763775 20
115  07.81840556 -076.71759706
120 Linear Feature 20
111  07.81822749 -076.71755364 20
115  07.81825074 -076.71751129
120 Linear Feature 19
111  07.81817591 -076.71764186 20
115  07.81820237 -076.71759653
120 Linear Feature 17
111  07.81817964 -076.71776581 24
111  07.81816957 -076.71775582 24
115  07.81818293 -076.71775995
120 Linear Feature 16
111  07.81820465 -076.71769673 24
115  07.81820061 -076.71769573
120 Linear Feature 15
111  07.81820346 -076.71769828 24
115  07.81819965 -076.71769431
120 Linear Feature 14
111  07.81820525 -076.71769545 24
115  07.81819665 -076.71769236
120 Linear Feature 13
111  07.81820323 -076.71769963 24
115  07.81819427 -076.71769032
120 Linear Feature 12
111  07.81820287 -076.71770170 24
111  07.81819079 -076.71768878 24
115  07.81820665 -076.71769421
120 Linear Feature 11
111  07.81820273 -076.71770163 24
115  07.81820668 -076.71769418
120 Linear Feature 10
111  07.81824169 -076.71771639 24
115  07.81820494 -076.71769774
120 Linear Feature 9
111  07.81818130 -076.71776157 24
115  07.81817773 -076.71775925
120 Linear Feature 8
111  07.81818071 -076.71776286 24
115  07.81817357 -076.71775740
120 Linear Feature 7
111  07.81818001 -076.71776400 24
115  07.81817058 -076.71775643
120 Linear Feature 3
111  07.81817963 -076.71776581 24
115  07.81818293 -076.71776000
120 Linear Feature 2
111  07.81821472 -076.71778162 24
115  07.81818157 -076.71776301
120 Linear Feature 1
111  07.81825837 -076.71776589 20
111  07.81825944 -076.71776129 20
112  07.81823995 -076.71774404  07.81821752 -076.71773064 20
111  07.81791581 -076.71755982 20
112  07.81790216 -076.71756376  07.81790123 -076.71757032 20
111  07.81790535 -076.71757890 20
111  07.81822506 -076.71776168 20
112  07.81823361 -076.71776520  07.81823674 -076.71776584 20
111  07.81824882 -076.71776722 20
113  07.81825737 -076.71776666 20
120 Linear Feature 81
111  07.81861642 -076.71860013 22
112  07.81857088 -076.71860917  07.81854775 -076.71859544 22
115  07.81709463 -076.71773611
120 Linear Feature 122
111  07.81720287 -076.71928436 51 101
111  07.81713930 -076.71940122 51 101
112  07.81695509 -076.71942285  07.81686251 -076.71936807 51 101
115  07.81648021 -076.71914118
120 Linear Feature 132
111  07.80439987 -076.71183534 51
112  07.80454047 -076.71201332  07.80459289 -076.71212156 51
111  07.80462864 -076.71218410 51
115  07.80476924 -076.71226902
120 Linear Feature 131
111  07.80408933 -076.71181504 51
116  07.80439702 -076.71183226  07.80461320 -076.71197773
120 Linear Feature 130
111  07.80414922 -076.71203181 51
116  07.80408459 -076.71181207  07.80414293 -076.71169777
120 Linear Feature 129
111  07.80508611 -076.71249200 51
111  07.80442269 -076.71209658 51
112  07.80430966 -076.71207100  07.80424103 -076.71207389 51
116  07.80415000 -076.71203348  07.80410473 -076.71200221
120 Linear Feature 125
111  07.81554821 -076.71847106 51 101
112  07.81560442 -076.71863421  07.81567723 -076.71867597 51 101
115  07.81608393 -076.71890647
120 Linear Feature 124
111  07.81561411 -076.71835909 51 101
111  07.81554590 -076.71847401 51 101
112  07.81536418 -076.71849391  07.81527454 -076.71843963 51 101
115  07.81495681 -076.71824954
120 Linear Feature 128
111  07.81909884 -076.72058064 51
112  07.81896977 -076.72054686  07.81891599 -076.72054825 51
111  07.81890909 -076.72054965 51
116  07.81882497 -076.72051624  07.81876567 -076.72048005
120 Linear Feature 127
111  07.81915299 -076.72077895 51
116  07.81909987 -076.72058163  07.81900217 -076.72053352
120 Linear Feature 126
111  07.81801081 -076.72007542 51
111  07.81857414 -076.72040447 51
112  07.81865516 -076.72052799  07.81871741 -076.72064398 51
111  07.81872844 -076.72066293 51
112  07.81883551 -076.72076833  07.81892686 -076.72082045 51
111  07.81898363 -076.72085238 51
116  07.81915324 -076.72077835  07.81919693 -076.72069016
120 Linear Feature 159
111  07.81795924 -076.71828110 25
115  07.81798669 -076.71823156
120 Linear Feature 158
111  07.81796438 -076.71828396 25
115  07.81799198 -076.71823442
120 Linear Feature 15
111  07.81588227 -076.71799803 102
111  07.81569974 -076.71830109 102
112  07.81568905 -076.71835657  07.81569037 -076.71838586 102
115  07.81569630 -076.71840683
120 Linear Feature 13
111  07.81554120 -076.71831425 102
112  07.81559892 -076.71828984  07.81560936 -076.71827292 102
115  07.81614603 -076.71737742
120 Linear Feature 12
111  07.81637196 -076.71721408 51
115  07.81637201 -076.71720951
120 Linear Feature 11
111  07.81629961 -076.71733900 51
115  07.81629950 -076.71733432
120 Linear Feature 10
111  07.81656663 -076.71688200 51
115  07.81656913 -076.71687799
120 Linear Feature 8
111  07.81644691 -076.71707986 51
115  07.81644944 -076.71707603
120 Linear Feature 4
111  07.81879976 -076.71843432 24
115  07.81872854 -076.71838485
120 Linear Feature 3
111  07.81826612 -076.71839136 20
112  07.81827311 -076.71839136  07.81827784 -076.71839060 20
111  07.81833838 -076.71837913 20
115  07.81837718 -076.71828224
120 Linear Feature 2
111  07.81856140 -076.71857154 20
111  07.81857426 -076.71857689 20
112  07.81858201 -076.71857345  07.81858541 -076.71856925 20
111  07.81866637 -076.71848495 20
112  07.81866768 -076.71843745  07.81866115 -076.71842294 20
112  07.81864252 -076.71841469  07.81863010 -076.71841436 20
111  07.81845394 -076.71843014 20
111  07.81844942 -076.71843572 20
111  07.81845071 -076.71850377 20
116  07.81845204 -076.71850674  07.81845286 -076.71850766
120 Linear Feature 1
111  07.81865303 -076.71861996 20
111  07.81872025 -076.71854253 20
115  07.81872270 -076.71854673
120 Linear Feature 157
111  07.81795745 -076.71828009 25
115  07.81798490 -076.71823055
120 Linear Feature 156
111  07.81796257 -076.71828292 25
115  07.81799032 -076.71823346
120 Linear Feature 155
111  07.81796598 -076.71828492 25
115  07.81799359 -076.71823543
120 Linear Feature 154
111  07.81796095 -076.71828199 25
115  07.81798878 -076.71823239
120 Linear Feature 153
111  07.81821728 -076.71843271 25
115  07.81824556 -076.71838374
120 Linear Feature 152
111  07.81821555 -076.71843167 25
115  07.81824392 -076.71838288
120 Linear Feature 151
111  07.81822234 -076.71843597 25
115  07.81825063 -076.71838682
120 Linear Feature 150
111  07.81822415 -076.71843696 25
115  07.81825225 -076.71838799
120 Linear Feature 149
111  07.81822057 -076.71843481 25
115  07.81824882 -076.71838569
120 Linear Feature 148
111  07.81821892 -076.71843373 25
115  07.81824714 -076.71838483
120 Linear Feature 137
111  07.81783213 -076.71691505 30
111  07.81778698 -076.71690805 30
111  07.81780328 -076.71678704 30
115  07.81780945 -076.71678787
120 Linear Feature 45
111  07.81716626 -076.71790300 52
115  07.81716002 -076.71790415
120 Linear Feature 44
111  07.81717320 -076.71792506 51
115  07.81716778 -076.71792110
120 Linear Feature 43
111  07.81727123 -076.71843429 52
115  07.81716273 -076.71790243
120 Linear Feature 42
111  07.81720942 -076.71785955 51
115  07.81697147 -076.71824360
120 Linear Feature 41
111  07.81737395 -076.71795581 51
115  07.81713954 -076.71834645
120 Linear Feature 40
111  07.81764359 -076.71811457 51
115  07.81740139 -076.71850528
120 Linear Feature 39
111  07.81790540 -076.71827151 51
115  07.81766237 -076.71866790
120 Linear Feature 54
111  07.81819159 -076.71863244 30
111  07.81822915 -076.71862590 30
111  07.81838524 -076.71859273 30
111  07.81841028 -076.71855287 30
111  07.81851777 -076.71861610 30
111  07.81849513 -076.71865684 30
115  07.81855161 -076.71881835
120 Linear Feature 43
111  07.81719083 -076.71843322 51 101
115  07.81694482 -076.71828660
120 Linear Feature 81
111  07.81828896 -076.71846190 24
115  07.81828637 -076.71845986
120 Linear Feature 80
111  07.81828818 -076.71846290 24
115  07.81828020 -076.71845579
120 Linear Feature 79
111  07.81828932 -076.71846018 24
115  07.81827601 -076.71845369
120 Linear Feature 78
111  07.81834907 -076.71845899 24
115  07.81834315 -076.71845472
120 Linear Feature 77
111  07.81835464 -076.71846204 24
115  07.81834384 -076.71845315
120 Linear Feature 76
112  07.81835934 -076.71846474  07.81835931 -076.71846474 24
115  07.81834204 -076.71845622
120 Linear Feature 75
111  07.81834349 -076.71845078 24
111  07.81836495 -076.71846851 24
115  07.81833971 -076.71845706
120 Linear Feature 70
111  07.81832539 -076.71848323 24
115  07.81828950 -076.71846215
120 Linear Feature 73
111  07.81828850 -076.71846538 24
111  07.81827056 -076.71845005 24
115  07.81829187 -076.71845960
120 Linear Feature 72
111  07.81834452 -076.71845102 24
115  07.81834057 -076.71845750
120 Linear Feature 71
111  07.81829116 -076.71845891 24
115  07.81828742 -076.71846529
120 Linear Feature 69
111  07.81834228 -076.71845408 24
115  07.81830677 -076.71843307
120 Linear Feature 121
111  07.81771096 -076.71885119 1 102
112  07.81753153 -076.71890682  07.81749218 -076.71897339 1 102
111  07.81731927 -076.71926596 1 102
116  07.81732114 -076.71935696  07.81733461 -076.71936473
120 Linear Feature 119
111  07.81707547 -076.71921454 1 102
112  07.81715213 -076.71917025  07.81717476 -076.71913669 1 102
111  07.81738034 -076.71880982 1 102
116  07.81737003 -076.71865276  07.81732246 -076.71861873
120 Linear Feature 118
111  07.81852406 -076.71861653 25
115  07.81855226 -076.71856669
120 Linear Feature 117
111  07.81852738 -076.71861870 25
115  07.81855550 -076.71856871
120 Linear Feature 116
111  07.81852910 -076.71861974 25
115  07.81855707 -076.71856975
120 Linear Feature 115
111  07.81852570 -076.71861757 25
115  07.81855374 -076.71856773
120 Linear Feature 114
111  07.81853071 -076.71862093 25
115  07.81855869 -076.71857117
120 Linear Feature 113
111  07.81852237 -076.71861556 25
115  07.81855041 -076.71856593
120 Linear Feature 123
111  07.81714064 -076.71939970 51 101
112  07.81717619 -076.71954788  07.81724967 -076.71958997 51 101
115  07.81756203 -076.71977172
120 Linear Feature 112
111  07.81852236 -076.71861555 25
115  07.81855039 -076.71856590
120 Linear Feature 110
111  07.81856392 -076.71745222 1
116  07.81850162 -076.71753168  07.81847645 -076.71757147
120 Linear Feature 109
111  07.81856407 -076.71745212 1
116  07.81845381 -076.71749474  07.81841020 -076.71747144
120 Linear Feature 106
111  07.81837658 -076.71764368 25
115  07.81795641 -076.71741321
120 Linear Feature 105
111  07.81835384 -076.71768204 25
115  07.81794012 -076.71744824
120 Linear Feature 104
111  07.81835555 -076.71767869 25
115  07.81794160 -076.71744473
120 Linear Feature 103
112  07.81835475 -076.71768031  07.81835074 -076.71767816 25
115  07.81794098 -076.71744674
120 Linear Feature 102
112  07.81834196 -076.71763872  07.81834186 -076.71763859 24
115  07.81834073 -076.71763773
120 Linear Feature 101
112  07.81834298 -076.71764064  07.81834292 -076.71764059 24
115  07.81833794 -076.71763712
120 Linear Feature 100
111  07.81834317 -076.71764260 24
115  07.81833451 -076.71763685
120 Linear Feature 99
111  07.81834364 -076.71764470 24
115  07.81833146 -076.71763690
120 Linear Feature 98
111  07.81833641 -076.71764219 24
115  07.81833076 -076.71764344
120 Linear Feature 97
111  07.81832853 -076.71763628 24
111  07.81834217 -076.71763709 24
115  07.81834486 -076.71764728
120 Linear Feature 96
111  07.81834517 -076.71764740 24
115  07.81832781 -076.71763607
120 Linear Feature 94
111  07.81832789 -076.71764214 24
115  07.81833551 -076.71764056
120 Linear Feature 93
111  07.81833110 -076.71764496 24
115  07.81833970 -076.71764305
120 Linear Feature 92
111  07.81829832 -076.71762678 24
115  07.81833195 -076.71764499
120 Linear Feature 89
111  07.81818538 -076.71741043 1
111  07.81820969 -076.71736646 1
111  07.81818816 -076.71735540 1
113  07.81816433 -076.71739861 1
120 Linear Feature 83
111  07.81887033 -076.71725120 8
111  07.81866787 -076.71736604 8
116  07.81856405 -076.71745198  07.81854490 -076.71748179
21  07.80628883 -076.71371219 2 328.3200 5.24 New Light Fixture 5
14  07.81765297 -076.71753959  68.90 0 New Tower Viewpoint 51
1300  07.81843298 -076.71864989  59.29 gate jets|turboprops|props 1A
1301 C airline 
1300  07.81842511 -076.71862135  58.48 gate jets|turboprops|props 1
1301 C airline 
1300  07.81762045 -076.71815193  57.33 gate jets|turboprops|props 4
1301 C airline 
1300  07.81788301 -076.71830800  57.84 gate jets|turboprops|props 3
1301 C airline 
1300  07.81814778 -076.71845752  58.77 gate jets|turboprops|props 2
1301 C airline 
1300  07.81716296 -076.71790360 100.81 gate jets|turboprops|props 7
1301 C airline 
1300  07.81733100 -076.71802739  59.04 gate jets|turboprops|props 5
1301 B airline 
1300  07.81632491 -076.71762479 149.12 gate turboprops|props GA 1
1301 A airline 
1300  07.81626059 -076.71774214 148.67 gate turboprops|props GA 2
1301 A airline 
1300  07.81620042 -076.71785555 150.57 gate turboprops|props GA 3
1301 A airline 
1300  07.81614055 -076.71796384 151.90 gate turboprops|props GA 4
1301 A airline 
1300  07.81610497 -076.71766116 149.40 gate turboprops|props GA 8
1301 A airline 
1300  07.81604619 -076.71776280 148.15 gate turboprops|props GA 7
1301 A airline 
1300  07.81598194 -076.71787475 -208.30 gate turboprops|props GA 6
1301 A airline 
1300  07.81638866 -076.71751697 148.24 gate turboprops|props GA 5
1301 A airline 
1300  07.81566026 -076.71694444   0.00 gate turboprops|props Agro 6
1301 A airline 
1300  07.81575133 -076.71706948   2.44 gate turboprops|props Agro 5
1301 A airline 
1300  07.81589293 -076.71715175   7.13 gate turboprops|props Agro 3
1301 A airline 
1300  07.81602278 -076.71723891   9.92 gate turboprops|props Agro 2
1301 A airline 
1300  07.81615724 -076.71730743  18.43 gate turboprops|props Agro 1
1301 A airline 
1300  07.81645621 -076.71679326   0.00 gate turboprops|props Hangar 3
1301 A airline 
1300  07.81637933 -076.71691780   0.00 gate turboprops|props Hangar 2
1301 A airline 
1300  07.81631574 -076.71703372   0.00 gate turboprops|props Hangar 1
1301 A airline 
1300  07.81656805 -076.71687992 148.87 gate turboprops|props 13
1301 A airline 
1300  07.81650906 -076.71697798 147.28 gate turboprops|props 12
1301 A airline 
1300  07.81644811 -076.71707798 148.08 gate turboprops|props 11
1301 A airline 
1300  07.81637218 -076.71721173 -179.06 gate jets|turboprops|props 10
1301 A airline 
1300  07.81629964 -076.71733659 174.80 gate jets|turboprops|props 9
1301 A airline 
1300  07.81626290 -076.71741511 104.36 gate turboprops|props GA 10
1301 A airline 
1300  07.81616462 -076.71756190 149.17 gate turboprops|props GA 9
1301 A airline 
1300  07.81717030 -076.71792296  56.25 gate jets|turboprops|props 6
1301 B airline 
19  07.81879841 -076.71978708 0 New Windsock 4
19  07.80502969 -076.71317647 0 New Windsock 3
1200 
1201  07.81866250 -076.71838405 both 0 A_stop
1201  07.81870375 -076.71840949 both 1 A_start
1201  07.80573105 -076.71360554 both 2 A_stop
1201  07.80643675 -076.71398314 both 3 A_stop
1201  07.81133920 -076.71691639 both 4 A_stop
1201  07.81155699 -076.71701388 both 5 A_stop
1201  07.81169303 -076.71715805 both 6 A_stop
1201  07.81221804 -076.71706776 both 7 A_stop
1201  07.81200045 -076.71732105 both 8 A_stop
1201  07.81222435 -076.71740272 both 9 A_stop
1201  07.81984053 -076.72185982 both 10 A_stop
1201  07.82013811 -076.72186936 both 11 A_stop
1201  07.82031052 -076.72173586 both 12 A_stop
1201  07.82051599 -076.72133298 both 13 A_stop
1201  07.82041680 -076.72100876 both 14 A_stop
1201  07.81908510 -076.72028607 both 15 A_start
1201  07.81962272 -076.72033298 both 16 A_stop
1201  07.81978673 -076.71998532 both 17 A_stop
1201  07.81709631 -076.71774155 both 18 A_stop
1201  07.81966208 -076.71941418 both 19 A_stop
1201  07.81926845 -076.71920227 both 20 A_stop
1201  07.81895519 -076.71904500 both 21 A_stop
1201  07.81878298 -076.71873046 both 22 A_stop
1201  07.81874123 -076.71850842 both 23 A_start
1201  07.81867678 -076.71847885 both 24 A_stop
1201  07.81825744 -076.71805151 both 25 A_start
1201  07.81823741 -076.71803944 both 26 A_stop
1201  07.81760026 -076.71783336 both 27 A_stop
1201  07.81753107 -076.71778864 both 28 A_stop
1201  07.81641865 -076.71743706 both 29 A_stop
1201  07.81689286 -076.71769260 both 30 A_stop
1201  07.81652530 -076.71749227 both 31 A_stop
1201  07.81687891 -076.71802522 both 32 A_start
1201  07.81692483 -076.71795060 both 33 A_start
1201  07.81695543 -076.71770071 both 34 A_start
1201  07.81708831 -076.71771300 both 35 A_start
1201  07.81696368 -076.71772682 both 36 A_stop
1201  07.81704696 -076.71772842 both 37 A_stop
1201  07.81707396 -076.71773561 both 38 A_stop
1201  07.81857862 -076.71861656 both 39 A_stop
1201  07.81810502 -076.71833658 both 40 A_stop
1201  07.81807209 -076.71832204 both 41 A_stop
1201  07.81751415 -076.71799201 both 42 A_stop
1201  07.81743258 -076.71794427 both 43 A_stop
1201  07.81860837 -076.71861156 both 44 A_stop
1201  07.81869531 -076.71851796 both 45 A_start
1201  07.81866722 -076.71848670 both 46 A_stop
1201  07.81857342 -076.71858163 both 47 A_stop
1201  07.81708328 -076.71768982 both 48 A_start
1201  07.81712707 -076.71771599 both 49 A_start
1201  07.81745323 -076.71791120 both 50 A_start
1201  07.81752568 -076.71795417 both 51 A_start
1201  07.81808962 -076.71829208 both 52 A_start
1201  07.81811931 -076.71830985 both 53 A_start
1201  07.81830994 -076.71841325 both 54 A_start
1201  07.81768006 -076.71545767 both 55 A_stop
1206 0 54 twoway  A
1206 1 0 twoway  A
1206 3 2 twoway  A
1206 4 3 twoway  A
1206 5 4 twoway  A
1206 6 5 twoway  A
1206 8 6 twoway  A
1206 8 7 twoway  A
1206 9 8 twoway  A
1206 10 9 twoway  A
1206 11 10 twoway  A
1206 12 11 twoway  A
1206 13 12 twoway  A
1206 14 13 twoway  A
1206 16 14 twoway  A
1206 15 16 twoway  A
1206 17 16 twoway  A
1206 19 17 twoway  A
1206 20 19 twoway  A
1206 21 20 twoway  A
1206 22 21 twoway  A
1206 23 22 twoway  A
1206 47 24 oneway  A
1206 25 53 oneway  A
1206 53 40 oneway  A
1206 41 52 oneway  A
1206 52 26 oneway  A
1206 27 51 oneway  A
1206 51 42 oneway  A
1206 28 27 oneway  A
1206 43 50 oneway  A
1206 50 28 oneway  A
1206 30 31 twoway  A
1206 31 29 twoway  A
1206 33 30 twoway  A
1206 32 33 oneway  A
1206 33 38 oneway  A
1206 38 35 oneway  A
1206 34 35 oneway  A
1206 35 49 oneway  A
1206 37 36 oneway  A
1206 18 38 oneway  A
1206 38 37 oneway  A
1206 39 40 oneway  A
1206 40 41 oneway  A
1206 41 42 oneway  A
1206 42 43 oneway  A
1206 43 18 oneway  A
1206 44 39 oneway  A
1206 45 44 oneway  A
1206 47 46 oneway  A
1206 48 49 oneway  A
1206 49 50 oneway  A
1206 50 51 oneway  A
1206 51 52 oneway  A
1206 52 53 oneway  A
1206 53 54 oneway  A
1206 54 47 oneway  A
1206 31 55 twoway  A
1400  7.81885991 -76.71840167  145.49 pushback 0 New Service Truck 74
1400  7.81887519 -76.71837787  145.71 pushback 0 New Service Truck 73
1400  7.81655563 -76.71736184  97.93 gpu 0 New Service Truck 65
1400  7.81756266 -76.71810288 -58.67 gpu 0 New Service Truck 64
1400  7.81784493 -76.71824899 -45.00 gpu 0 New Service Truck 63
1400  7.81837448 -76.71855331 -28.61 gpu 0 New Service Truck 62
1400  7.81828517 -76.71855894 -93.42 baggage_loader 0 New Service Truck 61
1400  7.81805341 -76.71840032 -67.72 baggage_loader 0 New Service Truck 60
1400  7.81776553 -76.71821775 -70.43 baggage_loader 0 New Service Truck 59
1400  7.81750160 -76.71807108 -92.49 baggage_loader 0 New Service Truck 58
1400  7.81756821 -76.71794017 -121.93 baggage_train 3 New Service Truck 56
1400  7.81827981 -76.71801572 -124.73 crew_limo 0 New Service Truck 53
1400  7.81889056 -76.71825255 -123.51 fuel_liners 0 New Service Truck 48
1400  7.81886776 -76.71823711  237.72 fuel_liners 0 New Service Truck 47
1400  7.81884865 -76.71821976 -123.69 fuel_props 0 New Service Truck 45
1400  7.81864542 -76.71816485 -16.19 crew_car 0 New Service Truck 49
1400  7.81761281 -76.71780881 -35.13 baggage_train 2 New Service Truck 57
99
