I
1130 Generated by WorldEditor 2.2.0r2

1      0 1 0 SKCG Rafael Nuñez Intl.
1302 gui_label 2D
100 45.00 1 1 0.20 1 2 0 01  10.43086568 -075.51336052    0   38 3 0 0 0 19  10.45245368 -075.51248048    0    0 3 0 0 0
110 2 0.00 0.0000 New Taxiway 24
111  10.44544734 -075.51379012
111  10.44544734 -075.51374165
111  10.44557924 -075.51373714
113  10.44557924 -075.51379124
110 2 0.00 0.0000 New Taxiway 23
111  10.44629554 -075.51372472
111  10.44633434 -075.51366273
111  10.44645514 -075.51372810
113  10.44641968 -075.51379234
110 1 0.00 0.0000 New Taxiway 12
111  10.44638803 -075.51242034
112  10.44653192 -075.51216474  10.44653192 -075.51210547
111  10.44653192 -075.51195175
111  10.44644463 -075.51153765
112  10.44622064 -075.51138733  10.44608251 -075.51137499 53 102
111  10.44594360 -075.51137194 53 102
111  10.44508242 -075.51139194 53 102
111  10.44503669 -075.51021180 53 102
111  10.44632453 -075.51015045 53 102
111  10.44673884 -075.51011636 53 102
111  10.44673480 -075.51019925 53 102
111  10.44679519 -075.51164444 53 102
111  10.44683453 -075.51168222
111  10.44684765 -075.51210896
114  10.44701125 -075.51239463  10.44715332 -075.51248798
110 1 0.00 0.0000 New Taxiway 4
111  10.45244583 -075.51228421 53
111  10.45249010 -075.51228549 53
111  10.45277592 -075.51204564 53
111  10.45351179 -075.51202156 53
111  10.45354822 -075.51289394 53
111  10.45277774 -075.51289579 53
111  10.45252274 -075.51267723 53
113  10.45246263 -075.51267538
110 1 0.20 20.0000 New Taxiway 1
111  10.43188211 -075.51301703
111  10.43149917 -075.51267264
112  10.43129937 -075.51254557  10.43120604 -075.51251211
112  10.43096539 -075.51259464  10.43092067 -075.51264213
112  10.43090292 -075.51273929  10.43089951 -075.51279299
112  10.43091695 -075.51287634  10.43093362 -075.51291905
111  10.43100287 -075.51294071
111  10.43138680 -075.51303815
111  10.43051158 -075.51307391
111  10.43049524 -075.51253724
112  10.43061087 -075.51226537  10.43069748 -075.51218741
111  10.43081611 -075.51213303
111  10.43132173 -075.51209342
112  10.43150942 -075.51217370  10.43159552 -075.51223146
111  10.43166938 -075.51230915
113  10.43238506 -075.51299696
110 1 0.20 10.0000 Cabecera01
111  10.43053339 -075.51359648
111  10.43013146 -075.51360826
112  10.43009476 -075.51359879  10.43008485 -075.51358988
112  10.43007502 -075.51357791  10.43006954 -075.51356456
112  10.43006269 -075.51355667  10.43005847 -075.51354797
111  10.43005837 -075.51321479
112  10.43007620 -075.51315478  10.43009037 -075.51313882
111  10.43014631 -075.51313065
111  10.43016914 -075.51312696
113  10.43051469 -075.51312115
110 2 0.00 0.0000 New Taxiway 61
111  10.44613536 -075.51546538
111  10.44602225 -075.51546775
111  10.44602122 -075.51535003
113  10.44613505 -075.51535056
110 2 0.00 0.0000 New Taxiway 60
111  10.44730248 -075.51546325
111  10.44718671 -075.51546482
111  10.44718671 -075.51538320
113  10.44729785 -075.51538163
110 2 0.00 0.0000 New Taxiway 59
111  10.44691813 -075.51548051
111  10.44679156 -075.51548522
111  10.44678847 -075.51539262
113  10.44691813 -075.51539262
110 2 0.00 0.0000 New Taxiway 58
111  10.44653215 -075.51544464
111  10.44641614 -075.51544571
111  10.44641435 -075.51535124
113  10.44652958 -075.51535033
110 1 0.00 0.0000 New Taxiway 57
111  10.44747940 -075.51299167
111  10.44737004 -075.51315983
111  10.44737804 -075.51336054
111  10.44745806 -075.51337410
111  10.44746873 -075.51366160
111  10.44754608 -075.51368601
111  10.44760209 -075.51411183
111  10.44761543 -075.51411725
111  10.44764477 -075.51465699
111  10.44755141 -075.51469767
111  10.44755718 -075.51511512
112  10.44757905 -075.51563178  10.44758419 -075.51576650
111  10.44747896 -075.51577126
111  10.44719089 -075.51579079
111  10.44718769 -075.51585263
111  10.44462446 -075.51591151
111  10.44451833 -075.51343465
111  10.44458946 -075.51346177
111  10.44492192 -075.51345448
112  10.44493298 -075.51327451  10.44489980 -075.51317890
113  10.44472281 -075.51310016
120 Linear Feature 31
111  10.44510536 -075.51555563 30
111  10.44510751 -075.51555291 30
115  10.44509988 -075.51524039
120 Linear Feature 30
111  10.44510545 -075.51555579 30
111  10.44510313 -075.51555306 30
115  10.44509429 -075.51523903
120 Linear Feature 28
111  10.44548776 -075.51553427 30
115  10.44548616 -075.51522869
120 Linear Feature 27
111  10.44548758 -075.51553438 30
111  10.44548201 -075.51552939 30
115  10.44547522 -075.51522789
120 Linear Feature 24
111  10.44585909 -075.51501878 30
115  10.44587588 -075.51554277
120 Linear Feature 23
111  10.44587626 -075.51554263 30
111  10.44587984 -075.51553990 30
115  10.44586317 -075.51502038
120 Linear Feature 21
111  10.44628084 -075.51551742 30
115  10.44626233 -075.51510072
120 Linear Feature 20
111  10.44628081 -075.51551754 30
111  10.44628797 -075.51551065 30
115  10.44627456 -075.51510217
120 Linear Feature 18
111  10.44668160 -075.51550908 30
111  10.44667704 -075.51550474 30
115  10.44666855 -075.51517421
120 Linear Feature 16
111  10.44668154 -075.51550910 30
111  10.44669230 -075.51550056 30
115  10.44668417 -075.51517343
120 Linear Feature 14
111  10.44706314 -075.51548537 30
111  10.44705702 -075.51547895 30
115  10.44704533 -075.51516125
120 Linear Feature 13
111  10.44706319 -075.51548542 30
111  10.44706732 -075.51548142 30
115  10.44705595 -075.51515924
120 Linear Feature 12
111  10.44734639 -075.51566369 23
111  10.44734416 -075.51557152 23
115  10.44744983 -075.51547119
120 Linear Feature 11
111  10.44696079 -075.51567691 23
111  10.44695894 -075.51558971 23
111  10.44706306 -075.51548711 23
111  10.44714255 -075.51557256 23
111  10.44710132 -075.51560291 23
113  10.44710293 -075.51567218 23
120 Linear Feature 9
111  10.44656002 -075.51569184 23
111  10.44655756 -075.51560455 23
111  10.44668168 -075.51551052 23
111  10.44676239 -075.51558376 23
111  10.44671531 -075.51561802 23
113  10.44671626 -075.51568809 23
120 Linear Feature 8
111  10.44617798 -075.51570679 23
111  10.44617529 -075.51562112 23
111  10.44624591 -075.51555285 23
111  10.44629849 -075.51560325 23
111  10.44624924 -075.51564708 23
113  10.44625060 -075.51570513 23
120 Linear Feature 7
111  10.44611565 -075.51542739 30
111  10.44631314 -075.51561508 30
115  10.44631502 -075.51570106
120 Linear Feature 6
111  10.44588704 -075.51571828 23
111  10.44588372 -075.51560453 23
111  10.44592593 -075.51557259 23
111  10.44597239 -075.51559985 23
111  10.44592723 -075.51564619 23
113  10.44592874 -075.51571760 23
120 Linear Feature 5
111  10.44588593 -075.51571859 30
111  10.44588262 -075.51560398 30
111  10.44611560 -075.51542734 30
115  10.44610477 -075.51508143
120 Linear Feature 4
111  10.44538066 -075.51573628 23
111  10.44537840 -075.51568072 23
111  10.44548770 -075.51553608 23
111  10.44559150 -075.51561648 23
111  10.44554985 -075.51566790 23
113  10.44555017 -075.51573093 23
120 Linear Feature 3
111  10.44499646 -075.51575026 23
111  10.44499426 -075.51565895 23
111  10.44510531 -075.51555727 23
111  10.44519587 -075.51564570 23
111  10.44515406 -075.51568153 23
113  10.44515341 -075.51574522 23
120 Linear Feature 2
111  10.44470297 -075.51556542 23
111  10.44471089 -075.51571532 23
112  10.44473203 -075.51574883  10.44475064 -075.51576056 23
111  10.44476638 -075.51575843 23
111  10.44476349 -075.51567125 23
113  10.44480220 -075.51564183 23
120 Linear Feature 27
111  10.44746720 -075.51365227 20
111  10.44754452 -075.51566008 20
112  10.44744611 -075.51575467  10.44733761 -075.51575956 20
111  10.44468919 -075.51585915 20
112  10.44460975 -075.51575303  10.44460455 -075.51567225 20
115  10.44450708 -075.51356929
120 Linear Feature 26
111  10.44452220 -075.51356990 23
111  10.44462374 -075.51575410 23
112  10.44463755 -075.51579780  10.44464868 -075.51581275 23
111  10.44466739 -075.51583132 23
112  10.44469902 -075.51584309  10.44471550 -075.51584264 23
111  10.44744712 -075.51574247 23
112  10.44753335 -075.51565943  10.44753000 -075.51556922 23
115  10.44745754 -075.51365248
120 Linear Feature 25
111  10.44453574 -075.51357193 20
111  10.44463550 -075.51575225 20
112  10.44464753 -075.51578661  10.44465743 -075.51580108 20
112  10.44468546 -075.51582763  10.44469350 -075.51582763 20
111  10.44744652 -075.51573189 20
112  10.44752243 -075.51565980  10.44751985 -075.51558488 20
115  10.44744690 -075.51365298
120 Linear Feature 17
111  10.44736195 -075.51342009 53
116  10.44736485 -075.51342268  10.44736502 -075.51342546
120 Linear Feature 16
111  10.44745056 -075.51566221 53
112  10.44745863 -075.51564943  10.44745877 -075.51564092 53
115  10.44736352 -075.51342250
120 Linear Feature 15
111  10.44476783 -075.51576341 53
112  10.44470626 -075.51571193  10.44470326 -075.51566143 53
111  10.44461331 -075.51358142 53
111  10.44486465 -075.51358539 53
111  10.44494517 -075.51350863 53
116  10.44494958 -075.51350762  10.44495078 -075.51350849
120 Linear Feature 14
111  10.44476748 -075.51576216 53
115  10.44745061 -075.51566209
120 Linear Feature 12
111  10.44627436 -075.51456959 51
111  10.44669491 -075.51456827 51
112  10.44674121 -075.51454473  10.44675819 -075.51451962 51
115  10.44725707 -075.51390434
120 Linear Feature 11
111  10.44464766 -075.51515715 22
115  10.44458905 -075.51387228
120 Linear Feature 10
111  10.44747174 -075.51515328 22
111  10.44749360 -075.51567256 22
112  10.44744422 -075.51570049  10.44739534 -075.51570049 22
111  10.44472971 -075.51579541 22
112  10.44467141 -075.51571064  10.44466341 -075.51560215 22
115  10.44464853 -075.51526194
120 Linear Feature 9
111  10.44741385 -075.51365324 22
115  10.44746659 -075.51507428
120 Linear Feature 8
111  10.44469283 -075.51518563 20
112  10.44467775 -075.51516421  10.44467746 -075.51514174 20
115  10.44461014 -075.51357895
120 Linear Feature 7
111  10.44752014 -075.51565999 20
112  10.44744664 -075.51572945  10.44736329 -075.51573415 20
111  10.44468374 -075.51582531 20
112  10.44463809 -075.51575137  10.44463556 -075.51571180 20
115  10.44453768 -075.51357142
120 Linear Feature 6
111  10.44752032 -075.51566247 20
115  10.44744514 -075.51365309
120 Linear Feature 18
111  10.44743997 -075.51507093 20
116  10.44743079 -075.51507797  10.44742269 -075.51507780
120 Linear Feature 5
111  10.44743994 -075.51507098 20
115  10.44738223 -075.51365369
120 Linear Feature 4
111  10.44743119 -075.51514619 20
112  10.44744297 -075.51516864  10.44744476 -075.51519226 20
111  10.44746235 -075.51564995 20
112  10.44745065 -075.51566708  10.44744350 -075.51566708 20
111  10.44476780 -075.51576705 20
112  10.44470395 -075.51571486  10.44469839 -075.51566401 20
111  10.44467955 -075.51525941 20
116  10.44470014 -075.51525143  10.44471136 -075.51525042
120 Linear Feature 3
111  10.44742808 -075.51511393 22
111  10.44667154 -075.51514002 22
112  10.44660306 -075.51510841  10.44657700 -075.51507662 22
111  10.44653606 -075.51506148 22
111  10.44616312 -075.51507601 22
112  10.44610595 -075.51503786  10.44608898 -075.51500879 22
112  10.44603985 -075.51498609  10.44602198 -075.51498518 22
111  10.44569415 -075.51499063 22
112  10.44562269 -075.51504513  10.44558786 -075.51509599 22
111  10.44555213 -075.51515413 22
112  10.44548066 -075.51519318  10.44543779 -075.51519591 22
115  10.44469453 -075.51521803
120 Linear Feature 2
111  10.44743118 -075.51514616 21
111  10.44665753 -075.51517292 21
112  10.44661161 -075.51515494  10.44659598 -075.51513905 21
111  10.44655206 -075.51510498 21
112  10.44651701 -075.51509542  10.44649343 -075.51509651 21
111  10.44616951 -075.51510251 21
112  10.44609536 -075.51507253  10.44607303 -075.51504438 21
111  10.44606231 -075.51503257 21
112  10.44600336 -075.51501349  10.44596763 -075.51501440 21
111  10.44570219 -075.51502497 21
112  10.44566360 -075.51504677  10.44564860 -075.51506857 21
111  10.44556391 -075.51519065 21
112  10.44548459 -075.51522771  10.44544279 -075.51522771 21
115  10.44469998 -075.51525141
120 Linear Feature 1
111  10.44469277 -075.51518491 21
111  10.44548335 -075.51515995 21
112  10.44552741 -075.51512882  10.44554885 -075.51509176 21
111  10.44558616 -075.51503053 21
112  10.44569730 -075.51496272  10.44576620 -075.51495594 21
111  10.44601953 -075.51495142 21
112  10.44612177 -075.51500354  10.44614845 -075.51504875 21
111  10.44621742 -075.51504409 21
111  10.44651972 -075.51502827 21
112  10.44660418 -075.51507121  10.44663085 -075.51510511 21
111  10.44671309 -075.51510285 21
115  10.44743104 -075.51507799
120 Linear Feature 73
111  10.44531585 -075.51328763 19
115  10.44521044 -075.51328656
120 Linear Feature 72
111  10.44527474 -075.51314937 19
115  10.44519463 -075.51318045
120 Linear Feature 71
111  10.44518409 -075.51301860 19
115  10.44513455 -075.51308184
120 Linear Feature 70
111  10.44504179 -075.51299288 19
115  10.44504600 -075.51306683
120 Linear Feature 69
111  10.44492268 -075.51300038 19
115  10.44492689 -075.51307005
120 Linear Feature 68
111  10.44467356 -075.51300157 19
115  10.44467609 -075.51306845
120 Linear Feature 67
111  10.44630230 -075.51337292 19
115  10.44621446 -075.51337414
120 Linear Feature 66
111  10.44629703 -075.51323716 19
115  10.44620886 -075.51323922
120 Linear Feature 65
111  10.44624223 -075.51306856 19
115  10.44616702 -075.51311211
120 Linear Feature 64
111  10.44614155 -075.51297813 19
115  10.44611292 -075.51305790
120 Linear Feature 63
111  10.44599925 -075.51295654 19
115  10.44600074 -075.51304517
120 Linear Feature 62
111  10.44586880 -075.51296093 19
115  10.44588787 -075.51305328
120 Linear Feature 61
111  10.44573216 -075.51299663 19
115  10.44578580 -075.51307727
120 Linear Feature 60
111  10.44564696 -075.51312416 19
115  10.44572152 -075.51316128
120 Linear Feature 59
111  10.44562856 -075.51326663 19
115  10.44569181 -075.51327110
120 Linear Feature 58
111  10.44562417 -075.51339525 19
115  10.44569620 -075.51339436
120 Linear Feature 57
112  10.44583204 -075.51346807  10.44583204 -075.51346679 19
115  10.44582910 -075.51335298
120 Linear Feature 56
111  10.44596330 -075.51346403 19
115  10.44595903 -075.51335322
120 Linear Feature 55
111  10.44610371 -075.51345760 19
115  10.44609865 -075.51335342
120 Linear Feature 54
111  10.44747086 -075.51289871 19
115  10.44747159 -075.51297463
120 Linear Feature 53
111  10.44735520 -075.51289945 19
115  10.44735520 -075.51298356
120 Linear Feature 52
111  10.44723954 -075.51290690 19
115  10.44724028 -075.51298208
120 Linear Feature 51
111  10.44711777 -075.51291262 19
115  10.44711997 -075.51298035
120 Linear Feature 50
111  10.44700211 -075.51290889 19
115  10.44700431 -075.51298035
120 Linear Feature 49
111  10.44685864 -075.51292006 19
115  10.44686230 -075.51298109
120 Linear Feature 48
111  10.44673131 -075.51295812 19
115  10.44677889 -075.51303008
120 Linear Feature 47
111  10.44663664 -075.51307523 19
115  10.44670691 -075.51311245
120 Linear Feature 46
111  10.44662096 -075.51322898 19
115  10.44670588 -075.51322898
120 Linear Feature 45
111  10.44662662 -075.51337361 19
115  10.44670642 -075.51337412
120 Linear Feature 44
111  10.44662352 -075.51340020 54 103
115  10.44630691 -075.51340373
120 Linear Feature 42
111  10.44494926 -075.51350741 53 102
112  10.44525089 -075.51355542  10.44538466 -075.51349408 53 102
111  10.44530073 -075.51321937 53 102
116  10.44508828 -075.51298467  10.44493615 -075.51299267
120 Linear Feature 40
111  10.44681006 -075.51291725 53 102
112  10.44661742 -075.51318747  10.44662791 -075.51340350 53 102
111  10.44662637 -075.51340529 53 102
112  10.44665651 -075.51342333  10.44668630 -075.51342281 53 102
115  10.44736210 -075.51342004
120 Linear Feature 37
111  10.44630412 -075.51339870 53 102
111  10.44629613 -075.51320093 53 102
112  10.44617700 -075.51299425  10.44609769 -075.51294619 53 102
111  10.44597268 -075.51295669 53 102
111  10.44577956 -075.51296336 53 102
112  10.44562581 -075.51324911  10.44562398 -075.51346488 53 102
111  10.44562607 -075.51347342 53 102
112  10.44568649 -075.51347273  10.44574819 -075.51346945 53 102
111  10.44627998 -075.51345267 53 102
116  10.44630410 -075.51339732  10.44630117 -075.51334299
120 Linear Feature 34
111  10.44561529 -075.51344133 54 103
115  10.44532284 -075.51344919
120 Linear Feature 32
111  10.44547368 -075.51344901 57 101
112  10.44530320 -075.51366054  10.44516442 -075.51366820 57 101
115  10.44512637 -075.51370184
120 Linear Feature 31
111  10.44640769 -075.51464209 51 101
116  10.44632938 -075.51419839  10.44633570 -075.51391221
120 Linear Feature 30
111  10.44608092 -075.51455463 51 101
112  10.44640771 -075.51464198  10.44652355 -075.51475533 51 101
111  10.44668311 -075.51490869 51 101
112  10.44678584 -075.51493980  10.44686890 -075.51493980 51 101
115  10.44723610 -075.51492647
120 Linear Feature 29
111  10.44585214 -075.51455989 51 101
116  10.44554424 -075.51465852  10.44550478 -075.51477737
120 Linear Feature 28
111  10.44552384 -075.51424756 51 101
112  10.44585170 -075.51455961  10.44603006 -075.51456228 51 101
111  10.44608251 -075.51455427 51 101
112  10.44632907 -075.51418355  10.44632120 -075.51392751 51 101
111  10.44645013 -075.51354137 51 101
116  10.44646357 -075.51323312  10.44644991 -075.51296919
120 Linear Feature 27
111  10.44546560 -075.51331674 51 101
111  10.44554719 -075.51463144 51 101
112  10.44530853 -075.51499377  10.44509366 -075.51500550 51 101
115  10.44486532 -075.51501356
120 Linear Feature 25
111  10.44546565 -075.51331719 51 101
116  10.44508781 -075.51280588  10.44477962 -075.51280810
120 Linear Feature 24
111  10.44546557 -075.51331696 51 101
116  10.44576048 -075.51277671  10.44601228 -075.51276337
120 Linear Feature 23
111  10.44646360 -075.51323348 51 101
116  10.44597086 -075.51277085  10.44551732 -075.51277826
120 Linear Feature 19
111  10.44666415 -075.51144977 51 101
111  10.44665252 -075.51108846 51 101
112  10.44663112 -075.51099572  10.44661139 -075.51095250 51 101
112  10.44650666 -075.51084137  10.44642166 -075.51077192 51 101
111  10.44624407 -075.51064072 51 101
112  10.44617424 -075.51062529  10.44613326 -075.51062683 51 101
115  10.44521193 -075.51065438
120 Linear Feature 18
111  10.44666492 -075.51152748 51 101
111  10.44666406 -075.51144963 51 101
112  10.44653004 -075.51134321  10.44638985 -075.51133464 51 101
112  10.44618489 -075.51132190  10.44611658 -075.51132036 51 101
111  10.44590742 -075.51130122 51 101
111  10.44553038 -075.51129381 51 101
115  10.44525352 -075.51130677
120 Linear Feature 16
111  10.44644653 -075.51251114 53 102
116  10.44656167 -075.51241059  10.44659510 -075.51234878
120 Linear Feature 15
111  10.44677489 -075.51164390 53 102
111  10.44678695 -075.51231581 53 102
116  10.44697365 -075.51249022  10.44714062 -075.51248714
120 Linear Feature 13
111  10.44656146 -075.51241107 53 102
112  10.44658937 -075.51230725  10.44658684 -075.51225581 53 102
112  10.44654063 -075.51179120  10.44651027 -075.51161215 53 102
116  10.44622008 -075.51138733  10.44596660 -075.51135646
120 Linear Feature 22
111  10.44699581 -075.51271551 51 101
111  10.44688328 -075.51271757 51 101
116  10.44646360 -075.51323335  10.44647671 -075.51368143
120 Linear Feature 21
111  10.44669515 -075.51247382 51 101
112  10.44654785 -075.51270297  10.44643654 -075.51270812 51 101
115  10.44631638 -075.51270555
120 Linear Feature 20
111  10.44667382 -075.51190680 51 101
111  10.44669489 -075.51247331 51 101
112  10.44680648 -075.51267340  10.44688870 -075.51269141 51 101
115  10.44699495 -075.51268755
120 Linear Feature 11
111  10.43056998 -075.51267137 54 103
115  10.43084570 -075.51266641
120 Linear Feature 9
111  10.44655993 -075.51191401 54 103
115  10.44677712 -075.51190797
120 Linear Feature 7
111  10.44667376 -075.51190680 57 101
115  10.44666483 -075.51152735
120 Linear Feature 5
111  10.45209852 -075.51248147 51 101
111  10.45254805 -075.51247134 51 101
112  10.45277067 -075.51237102  10.45284404 -075.51226812 51 101
112  10.45311472 -075.51214721  10.45328043 -075.51215493 51 101
112  10.45344685 -075.51246652  10.45345959 -075.51268137 51 101
111  10.45336124 -075.51270730 51 101
111  10.45292955 -075.51272212 51 101
112  10.45285123 -075.51269989  10.45281662 -075.51268137 51 101
111  10.45255433 -075.51253690 51 101
112  10.45245051 -075.51250356  10.45240498 -075.51250356 51 101
115  10.45201679 -075.51251318
120 Linear Feature 3
111  10.43060014 -075.51357551 53
115  10.43057995 -075.51306200
120 Linear Feature 2
111  10.43057999 -075.51306217 53 102
111  10.43056301 -075.51255447 53 102
112  10.43091273 -075.51220332  10.43115535 -075.51218998 53 102
111  10.43133239 -075.51218332 53 102
112  10.43151818 -075.51228333  10.43162309 -075.51238112 53 102
111  10.43228975 -075.51299007 53 102
116  10.43249369 -075.51308848  10.43259842 -075.51309002
120 Linear Feature 4
111  10.43276458 -075.51326895 51 101
111  10.43250922 -075.51327585 51 101
112  10.43232454 -075.51319261  10.43225733 -075.51313312 51 101
111  10.43213568 -075.51301229 51 101
111  10.43148900 -075.51240096 51 101
112  10.43138842 -075.51232027  10.43133799 -075.51229066 51 101
111  10.43128597 -075.51228604 51 101
111  10.43090292 -075.51230570 51 101
112  10.43077122 -075.51239393  10.43070654 -075.51246571 51 101
111  10.43067062 -075.51256252 51 101
111  10.43067931 -075.51301213 51 101
112  10.43075643 -075.51320798  10.43082909 -075.51332010 51 101
111  10.43092750 -075.51333216 51 101
115  10.43159278 -075.51332309
120 Linear Feature 7
111  10.43201553 -075.51309738 53 102
111  10.43201364 -075.51304281 53 102
112  10.43168067 -075.51272994  10.43159667 -075.51265415 53 102
111  10.43146416 -075.51254949 53 102
112  10.43137326 -075.51248954  10.43135042 -075.51248168 53 102
112  10.43105147 -075.51247012  10.43088938 -075.51250808 53 102
112  10.43084519 -075.51267355  10.43081209 -075.51276580 53 102
112  10.43083569 -075.51291999  10.43086103 -075.51298134 53 102
111  10.43092600 -075.51299896 53 102
115  10.43151669 -075.51311794
120 Linear Feature 56
111  10.44700696 -075.51518137 51
115  10.44701966 -075.51566886
120 Linear Feature 10
111  10.44700767 -075.51518065 51
116  10.44700698 -075.51518163  10.44700698 -075.51518273
120 Linear Feature 55
111  10.44716287 -075.51503614 51
116  10.44700764 -075.51518063  10.44685019 -075.51518628
120 Linear Feature 54
111  10.44642037 -075.51563827 2
115  10.44639369 -075.51473155
120 Linear Feature 52
111  10.44585033 -075.51466724 2
115  10.44588125 -075.51566606
120 Linear Feature 51
111  10.44576293 -075.51466691 2
115  10.44579775 -075.51566868
120 Linear Feature 50
111  10.44569289 -075.51456781 2
111  10.44514573 -075.51460245 2
112  10.44500867 -075.51477541  10.44501081 -075.51494544 2
115  10.44503994 -075.51569900
120 Linear Feature 48
111  10.44735096 -075.51377951 51
115  10.44641297 -075.51380889
120 Linear Feature 47
111  10.44737764 -075.51404170 51
115  10.44639963 -075.51407786
120 Linear Feature 46
111  10.44738430 -075.51446209 51
115  10.44642408 -075.51449374
120 Linear Feature 45
111  10.44467847 -075.51404385 51
115  10.44544309 -075.51401221
120 Linear Feature 44
111  10.44470047 -075.51455909 51
115  10.44544309 -075.51452301
120 Linear Feature 43
111  10.44464804 -075.51427921 25
115  10.44462692 -075.51379728
120 Linear Feature 35
111  10.44515687 -075.51120392 30
111  10.44567489 -075.51118726 30
111  10.44643835 -075.51123843 30
111  10.44642897 -075.51108214 30
111  10.44637715 -075.51092769 30
111  10.44619939 -075.51079391 30
112  10.44611185 -075.51076941  10.44607290 -075.51077117 30
115  10.44513618 -075.51080895
120 Linear Feature 34
111  10.44512689 -075.51052832 24
111  10.44632717 -075.51047935 24
111  10.44647350 -075.51063380 24
115  10.44671430 -075.51062815
120 Linear Feature 33
111  10.44515686 -075.51120392 24
111  10.44567491 -075.51118728 24
111  10.44643831 -075.51123840 24
111  10.44642905 -075.51108207 24
111  10.44637718 -075.51092762 24
111  10.44619936 -075.51079390 24
112  10.44611231 -075.51076941  10.44607526 -075.51077129 24
115  10.44513615 -075.51080896
120 Linear Feature 32
111  10.44470080 -075.51556229 30
111  10.44484220 -075.51567077 30
111  10.44484628 -075.51575553 30
111  10.44499532 -075.51575054 30
111  10.44499324 -075.51565867 30
111  10.44510527 -075.51555561 30
111  10.44522530 -075.51567224 30
111  10.44522855 -075.51574295 30
111  10.44537944 -075.51573644 30
111  10.44537733 -075.51568037 30
111  10.44548749 -075.51553433 30
111  10.44564486 -075.51565638 30
111  10.44564729 -075.51572616 30
111  10.44578121 -075.51572042 30
111  10.44577979 -075.51563923 30
111  10.44587620 -075.51554272 30
111  10.44598471 -075.51560573 30
111  10.44598681 -075.51571420 30
111  10.44617671 -075.51570675 30
111  10.44617409 -075.51562056 30
111  10.44628078 -075.51551750 30
111  10.44638481 -075.51560971 30
111  10.44638742 -075.51569891 30
111  10.44655897 -075.51569183 30
111  10.44655623 -075.51560403 30
111  10.44668159 -075.51550910 30
111  10.44678408 -075.51560169 30
111  10.44678660 -075.51568303 30
111  10.44695956 -075.51567694 30
111  10.44695789 -075.51558921 30
111  10.44706322 -075.51548540 30
111  10.44717400 -075.51560482 30
111  10.44717694 -075.51566931 30
111  10.44734515 -075.51566306 30
111  10.44734293 -075.51557092 30
115  10.44744900 -075.51547027
120 Linear Feature 31
111  10.44488860 -075.51511618 51
115  10.44491527 -075.51568575
120 Linear Feature 30
111  10.44527963 -075.51510491 51
115  10.44530477 -075.51570283
120 Linear Feature 29
111  10.44569038 -075.51565266 51
115  10.44566798 -075.51489107
120 Linear Feature 28
111  10.44608743 -075.51564824 51
115  10.44606076 -075.51487796
120 Linear Feature 27
111  10.44647451 -075.51563828 51
115  10.44645673 -075.51499186
120 Linear Feature 26
111  10.44687352 -075.51564722 51
115  10.44685202 -075.51507245
120 Linear Feature 25
111  10.44725532 -075.51563006 51
115  10.44723132 -075.51503879
120 Linear Feature 24
111  10.44741626 -075.51469099 30
111  10.44705311 -075.51469969 30
111  10.44670539 -075.51445899 30
111  10.44671616 -075.51396812 30
111  10.44683347 -075.51367529 30
115  10.44737221 -075.51366336
120 Linear Feature 23
111  10.44741660 -075.51469098 24
111  10.44705320 -075.51469970 24
111  10.44670539 -075.51445899 24
111  10.44671606 -075.51396808 24
111  10.44683342 -075.51367516 24
115  10.44737222 -075.51366335
120 Linear Feature 22
111  10.44466930 -075.51479218 30
111  10.44502562 -075.51478073 30
111  10.44522183 -075.51463458 30
111  10.44517240 -075.51401931 30
111  10.44510606 -075.51378547 30
115  10.44462560 -075.51379710
120 Linear Feature 21
111  10.44466927 -075.51479219 24
111  10.44502533 -075.51478095 24
111  10.44522182 -075.51463457 24
111  10.44517243 -075.51401930 24
111  10.44510606 -075.51378543 24
115  10.44462557 -075.51379709
120 Linear Feature 42
111  10.44493103 -075.51430754 20
115  10.44519367 -075.51429820
120 Linear Feature 41
111  10.44492710 -075.51427166 20
115  10.44519134 -075.51426351
120 Linear Feature 40
111  10.44464695 -075.51427671 20
111  10.44492740 -075.51427164 25
111  10.44477596 -075.51412023 25
111  10.44464143 -075.51412435
111  10.44463432 -075.51396670 25
111  10.44476543 -075.51396458 25
115  10.44491218 -075.51379151
120 Linear Feature 39
111  10.44495683 -075.51478366 25
111  10.44478686 -075.51463934 25
111  10.44466333 -075.51464383
111  10.44465716 -075.51449158 25
111  10.44477702 -075.51448865 25
111  10.44493120 -075.51430766 20
111  10.44464911 -075.51431043 25
115  10.44467016 -075.51479196
120 Linear Feature 38
111  10.44671079 -075.51431618 25
111  10.44713064 -075.51429887 25
111  10.44726184 -075.51411994 25
111  10.44738996 -075.51411366 25
111  10.44737918 -075.51389860 25
111  10.44726137 -075.51390312 25
111  10.44724533 -075.51388604 25
111  10.44729446 -075.51383789 25
111  10.44737825 -075.51383263 25
111  10.44737071 -075.51371029 25
111  10.44728868 -075.51371215 25
115  10.44715178 -075.51366904
120 Linear Feature 37
111  10.44714061 -075.51469669 25
111  10.44727799 -075.51454287 25
111  10.44740610 -075.51453815 25
111  10.44739993 -075.51437178 25
111  10.44727181 -075.51437335 25
111  10.44713135 -075.51422424 25
115  10.44671304 -075.51422895
120 Linear Feature 36
111  10.44512690 -075.51052832 30
111  10.44632717 -075.51047936 30
111  10.44647359 -075.51063387 30
115  10.44671424 -075.51062817
1300  10.44701774 -075.51558999 -88.59 gate heavy|jets|turboprops|props New Ramp Start 6
1301 D airline 
1300  10.44647309 -075.51558749 -87.74 gate heavy|jets|turboprops|props New Ramp Start 3
1301 D airline 
1300  10.44641941 -075.51559114 -87.96 gate heavy|jets|turboprops|props New Ramp Start 2
1301 D airline 
1300  10.44608743 -075.51564665 -88.11 gate heavy|jets|turboprops|props New Ramp Start 1
1301 E airline 
1300  10.44579786 -075.51565820 -88.38 gate heavy|jets|turboprops|props New Ramp Start 9
1301 E airline 
1300  10.44588118 -075.51565893 -88.34 gate heavy|jets|turboprops|props New Ramp Start 8
1301 E airline 
1300  10.44568991 -075.51563288 -88.22 gate heavy|jets|turboprops|props New Ramp Start 7
1301 D airline 
1300  10.44530268 -075.51565414 -88.36 gate heavy|jets|turboprops|props New Ramp Start 6
1301 C airline 
1300  10.44503861 -075.51566298 -87.70 gate heavy|jets|turboprops|props New Ramp Start 5
1301 D airline 
1300  10.44491485 -075.51566816 -87.25 gate heavy|jets|turboprops|props New Ramp Start 4
1301 C airline 
1300  10.44471794 -075.51404224 -177.59 gate heavy|jets|turboprops|props New Ramp Start 3
1301 D airline 
1300  10.44473026 -075.51455756 -177.15 gate heavy|jets|turboprops|props New Ramp Start 1
1301 D airline 
1300  10.44725426 -075.51559240 -87.85 gate heavy|jets|turboprops|props New Ramp Start 5
1301 D airline 
1300  10.44687211 -075.51558799 -88.18 gate heavy|jets|turboprops|props New Ramp Start 4
1301 C airline 
19  10.43164317 -075.51386098 1 New Windsock 1
99
