I
1130 Generated by WorldEditor 2.2.0r2

1   8390 1 0 SKGY Guaymaral
1302 city Chía
1302 country Colombia
1302 datum_lat 4.812516667
1302 datum_lon -74.065077778
1302 faa_code 
1302 gui_label 3D
1302 iata_code 
1302 icao_code SKGY
1302 region_code SK
1302 state Cundinamarca
1302 transition_alt 18000
1302 transition_level 19000
100 20.00 1 0 0.25 0 0 1 11  04.81429860 -074.07261393    0    0 1 0 0 0 29  04.81074298 -074.05749583    0    0 1 0 0 0
110 1 0.00 0.0000 New Taxiway 6
111  04.81674461 -074.07188724
111  04.81672620 -074.07182323
111  04.81678537 -074.07180795
113  04.81680275 -074.07187310
110 1 0.00 0.0000 New Taxiway 5
111  04.81705912 -074.07180840
111  04.81704080 -074.07174125
111  04.81709059 -074.07173164
113  04.81710700 -074.07179657
110 1 0.00 0.0000 New Taxiway 3
111  04.81637400 -074.07196751
111  04.81636266 -074.07192168
111  04.81641874 -074.07191031
113  04.81642978 -074.07195459
110 1 0.00 0.0000 Taxiway A
111  04.81430605 -074.06866221
111  04.81437881 -074.06864457
111  04.81528060 -074.07235404
113  04.81521437 -074.07236828
110 1 0.00 0.0000 New Taxiway 3
111  04.81085674 -074.05760908
111  04.81082484 -074.05747876
111  04.81163149 -074.05728271
113  04.81166399 -074.05741379
110 1 0.00 0.0000 Taxiway D
112  04.81285293 -074.06607108  04.81288521 -074.06610588
111  04.81292020 -074.06609339
111  04.81365175 -074.06594630
112  04.81367923 -074.06591413  04.81367453 -074.06589207
112  04.81372349 -074.06610865  04.81371267 -074.06607904
111  04.81364388 -074.06608173
111  04.81294669 -074.06621517
114  04.81289625 -074.06626051  04.81289752 -074.06628795
110 1 0.00 0.0000 Taxiway A
111  04.81434526 -074.07241821
111  04.81517480 -074.07220718
111  04.81521437 -074.07236832
113  04.81438108 -074.07257079
110 1 0.00 0.0000 Taxiway B
112  04.81401212 -074.07099209  04.81405224 -074.07103677
111  04.81406896 -074.07102905
111  04.81482239 -074.07084632
112  04.81483839 -074.07081175  04.81483529 -074.07079394
112  04.81488146 -074.07101304  04.81486958 -074.07099050
111  04.81485304 -074.07098728
111  04.81409499 -074.07117014
114  04.81405816 -074.07119658  04.81404227 -074.07121797
110 1 0.00 0.0000 Taxiway C.1
111  04.81369535 -074.06827241
111  04.81373015 -074.06843783
111  04.81350122 -074.06848837
112  04.81343437 -074.06855454  04.81342265 -074.06859993
112  04.81337393 -074.06828528  04.81338701 -074.06831136
113  04.81345360 -074.06829539
110 1 0.00 0.0000 New Taxiway 2
112  04.81178811 -074.06154561  04.81181233 -074.06157675
111  04.81184041 -074.06157233
111  04.81260728 -074.06141353
111  04.81263757 -074.06154341
111  04.81186930 -074.06169816
114  04.81183075 -074.06174237  04.81182525 -074.06176724
110 1 0.00 0.0000 New Taxiway 6
111  04.81415628 -074.06774812
111  04.81410640 -074.06776160
111  04.81150291 -074.05673980
113  04.81157180 -074.05671575
110 2 0.00 0.0000 New Taxiway 11
111  04.81159068 -074.05500063
111  04.81165578 -074.05497650
111  04.81167963 -074.05504936
113  04.81162177 -074.05508123
110 2 0.00 0.0000 New Taxiway 10
111  04.81154656 -074.05487365
111  04.81161341 -074.05485841
111  04.81162689 -074.05490401
113  04.81157022 -074.05494214
110 2 0.00 0.0000 New Taxiway 9
111  04.81148625 -074.05469863
111  04.81155783 -074.05469420
111  04.81157672 -074.05474649
113  04.81151724 -074.05478670
110 2 0.00 0.0000 New Taxiway 8
111  04.81121673 -074.05623118
111  04.81126084 -074.05621689
111  04.81127134 -074.05617777
111  04.81131182 -074.05627707
111  04.81127884 -074.05626052
113  04.81123651 -074.05627961
110 2 0.00 0.0000 New Taxiway 7
111  04.81116064 -074.05609101
111  04.81120841 -074.05607633
111  04.81122129 -074.05605469
111  04.81125575 -074.05614078
111  04.81123086 -074.05613715
113  04.81118455 -074.05615044
110 2 0.00 0.0000 New Taxiway 5
111  04.81104763 -074.05581436
111  04.81109087 -074.05579825
111  04.81110309 -074.05576466
111  04.81114664 -074.05587047
111  04.81111785 -074.05585964
113  04.81107264 -074.05587753
110 2 0.00 0.0000 New Taxiway 4
111  04.81099257 -074.05567803
111  04.81102970 -074.05566465
111  04.81104949 -074.05563396
111  04.81109176 -074.05573748
111  04.81106028 -074.05572423
113  04.81101653 -074.05573966
110 2 0.00 0.0000 New Taxiway 3
111  04.81094180 -074.05554539
111  04.81098498 -074.05553095
111  04.81099037 -074.05549304
111  04.81103175 -074.05559414
111  04.81100477 -074.05557789
113  04.81095979 -074.05559594
110 2 0.00 0.0000 New Taxiway 2
111  04.81088777 -074.05541187
111  04.81093169 -074.05539422
111  04.81093847 -074.05536380
111  04.81097785 -074.05545964
111  04.81095079 -074.05544790
113  04.81090810 -074.05546338
110 2 0.00 0.0000 New Taxiway 1
111  04.81072741 -074.05516712
111  04.81081587 -074.05514639
111  04.81083632 -074.05511654
111  04.81086624 -074.05519153
111  04.81083386 -074.05518792
113  04.81074548 -074.05521764
110 2 0.00 0.0000 New Taxiway 39
111  04.81080864 -074.05505233
112  04.81077674 -074.05505341  04.81075952 -074.05505988
111  04.81070108 -074.05509083
111  04.81068172 -074.05503866
111  04.81075737 -074.05500159
114  04.81077448 -074.05497435  04.81077402 -074.05495852
110 2 0.00 0.0000 New Taxiway 38
111  04.81075020 -074.05491308
111  04.81065031 -074.05495086
111  04.81062350 -074.05488088
113  04.81072116 -074.05484724
110 2 0.00 0.0000 New Taxiway 37
112  04.81071492 -074.05477942  04.81069874 -074.05481565
111  04.81072046 -074.05484682
112  04.81069016 -074.05481367  04.81067777 -074.05478258
111  04.81064989 -074.05478569
111  04.81059565 -074.05479412
111  04.81057737 -074.05474449
112  04.81062201 -074.05473906  04.81064033 -074.05473227
112  04.81064060 -074.05467999  04.81063626 -074.05465699
111  04.81061581 -074.05465202
111  04.81054952 -074.05466694
111  04.81052908 -074.05461471
112  04.81057245 -074.05460539  04.81059723 -074.05459917
112  04.81057864 -074.05454321  04.81056935 -074.05451213
111  04.81054457 -074.05451834
111  04.81049471 -074.05452219
111  04.81047678 -074.05447721
112  04.81051084 -074.05446822  04.81054490 -074.05445922
112  04.81053056 -074.05440345  04.81051443 -074.05437287
111  04.81049882 -074.05436864
111  04.81045135 -074.05438272
111  04.81043312 -074.05433118
112  04.81047151 -074.05431869  04.81049661 -074.05430970
112  04.81047836 -074.05424234  04.81046569 -074.05420435
111  04.81044820 -074.05420088
111  04.81037865 -074.05422150
111  04.81036348 -074.05418058
112  04.81043099 -074.05415932  04.81044109 -074.05415403
112  04.81043688 -074.05412142  04.81043121 -074.05410199
111  04.81049589 -074.05409964
111  04.81050918 -074.05413140
111  04.81059102 -074.05410437
111  04.81060976 -074.05415840
112  04.81055519 -074.05417890  04.81052651 -074.05418970
112  04.81054490 -074.05424874  04.81055278 -074.05427525
111  04.81057179 -074.05428292
111  04.81065000 -074.05426591
111  04.81066859 -074.05431525
112  04.81060227 -074.05433149  04.81056903 -074.05434284
112  04.81059331 -074.05439446  04.81060048 -074.05441785
111  04.81062199 -074.05440705
111  04.81068840 -074.05438723
111  04.81070432 -074.05443371
112  04.81064529 -074.05445023  04.81061205 -074.05446184
112  04.81063633 -074.05451859  04.81064709 -074.05455097
111  04.81067218 -074.05454378
111  04.81073398 -074.05451908
111  04.81074938 -074.05456479
112  04.81068473 -074.05459055  04.81066501 -074.05459955
111  04.81068115 -074.05462113
111  04.81072571 -074.05471828
113  04.81076928 -074.05472577
110 2 0.00 0.0000 New Taxiway 36
112  04.81113510 -074.05459461  04.81122653 -074.05456043
111  04.81120681 -074.05450646
112  04.81118739 -074.05445189  04.81117424 -074.05442521
111  04.81116498 -074.05442341
111  04.81109553 -074.05444191
111  04.81108279 -074.05439089
111  04.81115422 -074.05437094
112  04.81114407 -074.05431397  04.81113690 -074.05428878
111  04.81112614 -074.05429058
111  04.81105443 -074.05431577
111  04.81103471 -074.05425820
111  04.81104188 -074.05425460
112  04.81109925 -074.05423122  04.81111668 -074.05422407
111  04.81111538 -074.05421123
112  04.81110463 -074.05415746  04.81109402 -074.05413312
111  04.81107236 -074.05413947
111  04.81100913 -074.05415541
111  04.81098810 -074.05409550
112  04.81105623 -074.05407650  04.81107236 -074.05407111
111  04.81106877 -074.05405672
111  04.81104227 -074.05397144
111  04.81096408 -074.05399375
111  04.81094580 -074.05393510
111  04.81107415 -074.05389325
111  04.81114841 -074.05386962
111  04.81116539 -074.05391847
112  04.81110283 -074.05394518  04.81109566 -074.05394878
111  04.81109566 -074.05395777
112  04.81111538 -074.05401534  04.81111897 -074.05403153
111  04.81113510 -074.05402973
111  04.81119899 -074.05401134
111  04.81121652 -074.05406076
112  04.81115198 -074.05408565  04.81114193 -074.05409804
111  04.81114112 -074.05410559
111  04.81116640 -074.05418128
111  04.81125093 -074.05415816
111  04.81126931 -074.05420923
111  04.81118561 -074.05423513
111  04.81121398 -074.05432297
111  04.81130326 -074.05429922
111  04.81132477 -074.05435931
111  04.81123011 -074.05438413
113  04.81128031 -074.05454964
110 2 0.00 0.0000 New Taxiway 35
112  04.81144622 -074.05458356  04.81143544 -074.05455290
112  04.81141926 -074.05454343  04.81141117 -074.05453261
111  04.81136399 -074.05452990
111  04.81141780 -074.05451313
111  04.81159555 -074.05454803
111  04.81172113 -074.05455966
112  04.81179455 -074.05453445  04.81182160 -074.05452282
111  04.81181581 -074.05449762
111  04.81178296 -074.05443169
111  04.81173852 -074.05443751
111  04.81171534 -074.05438128
112  04.81173852 -074.05437353  04.81176171 -074.05437159
111  04.81175591 -074.05435026
112  04.81174239 -074.05430178  04.81173273 -074.05426494
111  04.81171147 -074.05428046
111  04.81167863 -074.05429209
111  04.81165931 -074.05424812
112  04.81168443 -074.05423780  04.81170566 -074.05422719
112  04.81169088 -074.05416286  04.81167990 -074.05413489
111  04.81165867 -074.05413571
111  04.81162579 -074.05414534
111  04.81160714 -074.05409432
112  04.81163419 -074.05408656  04.81165351 -074.05408075
111  04.81165351 -074.05405748
112  04.81163222 -074.05399547  04.81162515 -074.05398437
111  04.81161100 -074.05397804
111  04.81157570 -074.05398698
111  04.81156180 -074.05394054
112  04.81158009 -074.05393533  04.81159621 -074.05392927
111  04.81160384 -074.05391683
112  04.81158396 -074.05385389  04.81157623 -074.05382675
111  04.81154531 -074.05383256
111  04.81152213 -074.05383450
111  04.81150667 -074.05378797
112  04.81152986 -074.05378021  04.81155884 -074.05377246
111  04.81156270 -074.05374531
111  04.81159826 -074.05373748
112  04.81160796 -074.05375007  04.81161225 -074.05376562
111  04.81161950 -074.05377454
111  04.81169735 -074.05375173
111  04.81171606 -074.05380024
112  04.81167477 -074.05381705  04.81164140 -074.05382820
111  04.81164536 -074.05384354
112  04.81166197 -074.05388758  04.81167118 -074.05390874
111  04.81169215 -074.05390624
111  04.81175129 -074.05389089
111  04.81177266 -074.05394595
112  04.81172367 -074.05396413  04.81171483 -074.05396719
112  04.81169602 -074.05401676  04.81170761 -074.05406524
111  04.81173716 -074.05404912
111  04.81180249 -074.05402148
111  04.81182628 -074.05408272
112  04.81177717 -074.05410401  04.81173989 -074.05412066
112  04.81175209 -074.05416387  04.81176179 -074.05418948
111  04.81178691 -074.05418818
111  04.81185608 -074.05416219
111  04.81187564 -074.05421252
112  04.81181106 -074.05423935  04.81180005 -074.05424519
111  04.81179222 -074.05426577
112  04.81181106 -074.05431206  04.81181540 -074.05432339
111  04.81183253 -074.05431879
111  04.81190720 -074.05429258
111  04.81192741 -074.05434511
112  04.81185937 -074.05437265  04.81184606 -074.05438099
112  04.81185630 -074.05443120  04.81186669 -074.05445817
111  04.81187508 -074.05445409
111  04.81195731 -074.05442058
111  04.81197539 -074.05446772
112  04.81190729 -074.05449853  04.81188686 -074.05450753
111  04.81189769 -074.05452561
112  04.81190905 -074.05456002  04.81191697 -074.05458309
111  04.81193717 -074.05457287
111  04.81200631 -074.05454763
111  04.81202502 -074.05458991
112  04.81194639 -074.05461951  04.81192861 -074.05462711
111  04.81193428 -074.05465037
112  04.81195817 -074.05471205  04.81196636 -074.05473797
111  04.81198489 -074.05472464
111  04.81206286 -074.05469723
111  04.81208217 -074.05474512
112  04.81200657 -074.05476712  04.81197396 -074.05477553
111  04.81198650 -074.05479743
112  04.81199857 -074.05482242  04.81200877 -074.05484740
111  04.81203118 -074.05483832
111  04.81210915 -074.05480919
111  04.81212747 -074.05485704
112  04.81204424 -074.05488846  04.81202813 -074.05489384
111  04.81203216 -074.05490865
111  04.81205094 -074.05495309
111  04.81209656 -074.05495713
111  04.81216969 -074.05496213
111  04.81218486 -074.05500806
111  04.81210595 -074.05500695
111  04.81206669 -074.05501709
111  04.81202195 -074.05503320
112  04.81200735 -074.05500185  04.81200306 -074.05498986
111  04.81198186 -074.05496818
111  04.81196000 -074.05497535
112  04.81194660 -074.05492238  04.81196538 -074.05491834
111  04.81196576 -074.05489951
112  04.81194966 -074.05485912  04.81193758 -074.05483488
111  04.81193222 -074.05484162
111  04.81191481 -074.05484568
112  04.81189700 -074.05479178  04.81191985 -074.05478196
111  04.81191884 -074.05477025
112  04.81189865 -074.05471821  04.81189229 -074.05470304
111  04.81187318 -074.05470831
111  04.81186111 -074.05470966
112  04.81185132 -074.05466075  04.81188002 -074.05465133
111  04.81186917 -074.05463652
112  04.81184903 -074.05458848  04.81183871 -074.05456592
111  04.81180207 -074.05458040
111  04.81172157 -074.05460329
111  04.81167058 -074.05460059
112  04.81153506 -074.05458713  04.81145859 -074.05458579
113  04.81147066 -074.05465041
110 2 0.00 0.0000 New Taxiway 33
111  04.81022319 -074.05416357
111  04.81062250 -074.05526188
112  04.81064710 -074.05531910  04.81065955 -074.05534974
111  04.81069183 -074.05534042
112  04.81087072 -074.05526973  04.81088190 -074.05526300
111  04.81088662 -074.05523907
112  04.81092073 -074.05532812  04.81090249 -074.05531376
111  04.81088585 -074.05531854
112  04.81073366 -074.05537764  04.81071270 -074.05538604
111  04.81071347 -074.05540257
111  04.81071736 -074.05541192
111  04.81066714 -074.05543571
111  04.81066569 -074.05543176
112  04.81065766 -074.05541724  04.81065196 -074.05541053
111  04.81063291 -074.05539387
111  04.81060691 -074.05537588
111  04.81057085 -074.05539165
111  04.81055061 -074.05534114
111  04.81058516 -074.05532515
112  04.81057053 -074.05528842  04.81056357 -074.05527836
111  04.81055405 -074.05526633
111  04.81052480 -074.05527516
111  04.81051473 -074.05525147
111  04.81050714 -074.05523204
112  04.81052594 -074.05522556  04.81054215 -074.05522030
111  04.81053754 -074.05520282
112  04.81052460 -074.05516565  04.81051470 -074.05514104
111  04.81050338 -074.05512342
111  04.81046756 -074.05513127
111  04.81044959 -074.05508729
112  04.81046126 -074.05508150  04.81047174 -074.05507564
111  04.81048399 -074.05505392
112  04.81047439 -074.05501854  04.81046393 -074.05499819
111  04.81044770 -074.05497032
111  04.81040944 -074.05498483
111  04.81039012 -074.05493106
112  04.81041387 -074.05492241  04.81043170 -074.05491715
111  04.81043274 -074.05490618
112  04.81042082 -074.05486722  04.81041031 -074.05483884
111  04.81038904 -074.05481573
111  04.81035366 -074.05482651
111  04.81033851 -074.05478818
112  04.81036286 -074.05478171  04.81037758 -074.05477836
111  04.81037881 -074.05475659
112  04.81036084 -074.05471207  04.81034462 -074.05467832
111  04.81032891 -074.05467662
111  04.81029859 -074.05468391
112  04.81028219 -074.05463733  04.81028523 -074.05463586
111  04.81031936 -074.05462333
111  04.81032565 -074.05460808
112  04.81030581 -074.05454466  04.81029510 -074.05452108
111  04.81027286 -074.05451917
111  04.81024855 -074.05453035
111  04.81022570 -074.05447209
112  04.81024974 -074.05446162  04.81026361 -074.05445512
111  04.81026474 -074.05444124
112  04.81025626 -074.05440420  04.81024635 -074.05437869
111  04.81022743 -074.05437971
111  04.81019743 -074.05439061
111  04.81017522 -074.05433362
112  04.81019881 -074.05432690  04.81021455 -074.05432135
111  04.81021124 -074.05429617
112  04.81019996 -074.05425965  04.81019160 -074.05423516
111  04.81017561 -074.05423674
111  04.81014522 -074.05423807
113  04.81012847 -074.05419708
110 2 0.00 0.0000 New Taxiway 32
111  04.81102406 -074.05634597
111  04.81098693 -074.05636333
111  04.81097189 -074.05632465
111  04.81100474 -074.05630913
112  04.81101119 -074.05629162  04.81100653 -074.05627946
111  04.81098976 -074.05623551
112  04.81096502 -074.05621926  04.81095183 -074.05621986
111  04.81093379 -074.05622750
111  04.81091649 -074.05618572
111  04.81094726 -074.05617534
112  04.81095272 -074.05613643  04.81094330 -074.05610903
111  04.81093077 -074.05609429
112  04.81090687 -074.05608218  04.81088937 -074.05608499
111  04.81087844 -074.05609122
111  04.81086125 -074.05604447
111  04.81088674 -074.05603235
112  04.81089942 -074.05601377  04.81089974 -074.05600314
111  04.81089104 -074.05597948
112  04.81085378 -074.05594362  04.81082840 -074.05594470
111  04.81082192 -074.05595136
111  04.81080066 -074.05590226
111  04.81083576 -074.05588963
112  04.81083757 -074.05584481  04.81082550 -074.05581518
112  04.81081339 -074.05581789  04.81080327 -074.05581427
111  04.81076885 -074.05582310
111  04.81074529 -074.05576422
111  04.81077517 -074.05575222
112  04.81078544 -074.05572813  04.81078200 -074.05571015
111  04.81076960 -074.05568324
111  04.81071208 -074.05568033
111  04.81069152 -074.05563171
111  04.81072413 -074.05563019
112  04.81072950 -074.05557902  04.81071340 -074.05552920
111  04.81069663 -074.05553826
111  04.81065176 -074.05553728
111  04.81063735 -074.05549626
111  04.81063422 -074.05548737
111  04.81067180 -074.05548881
112  04.81067730 -074.05545830  04.81066255 -074.05542733
111  04.81066643 -074.05543226
111  04.81070803 -074.05541341
111  04.81071717 -074.05541176
113  04.81108270 -074.05631782
110 2 0.00 0.0000 New Taxiway 23
112  04.81134298 -074.05635185  04.81135430 -074.05634566
111  04.81135585 -074.05633843
113  04.81135327 -074.05647886
110 2 0.00 0.0000 New Taxiway 31
111  04.81147451 -074.05668601
111  04.81097213 -074.05685994
111  04.81079426 -074.05644564
111  04.81085743 -074.05642336
111  04.81088505 -074.05648715
111  04.81106557 -074.05642895
111  04.81103211 -074.05634248
111  04.81108112 -074.05631533
111  04.81112492 -074.05641030
111  04.81131652 -074.05640545
111  04.81132457 -074.05637637
111  04.81134242 -074.05635169
111  04.81135242 -074.05649564
111  04.81132117 -074.05653997
111  04.81137295 -074.05666369
113  04.81140829 -074.05667044
110 2 0.00 0.0000 New Taxiway 29
111  04.81245385 -074.05696693
112  04.81247016 -074.05694121  04.81246887 -074.05693397
111  04.81246783 -074.05693108
112  04.81244226 -074.05692182  04.81242252 -074.05692508
111  04.81241811 -074.05692586
111  04.81240603 -074.05687604
111  04.81243689 -074.05687470
112  04.81244224 -074.05684366  04.81243965 -074.05682756
111  04.81243293 -074.05678756
112  04.81241429 -074.05677587  04.81240109 -074.05677899
111  04.81238789 -074.05678055
111  04.81237314 -074.05673457
111  04.81239643 -074.05672912
112  04.81240497 -074.05669172  04.81239255 -074.05665899
111  04.81239794 -074.05665434
112  04.81238008 -074.05663496  04.81236559 -074.05663496
111  04.81234949 -074.05664142
111  04.81234144 -074.05661072
111  04.81236559 -074.05660264
112  04.81237364 -074.05656871  04.81236398 -074.05654286
111  04.81236714 -074.05653786
111  04.81235969 -074.05650475
112  04.81234069 -074.05648118  04.81231832 -074.05648567
111  04.81230826 -074.05648567
111  04.81230044 -074.05643967
111  04.81232392 -074.05643742
112  04.81234069 -074.05641049  04.81233733 -074.05639030
111  04.81232951 -074.05637459
111  04.81232524 -074.05634102
112  04.81229822 -074.05632606  04.81227822 -074.05633154
111  04.81227306 -074.05633260
111  04.81226468 -074.05628678
111  04.81228890 -074.05627930
111  04.81233829 -074.05626715
111  04.81244368 -074.05624487
111  04.81245180 -074.05628410
111  04.81238767 -074.05630268
112  04.81237031 -074.05632634  04.81237252 -074.05633979
111  04.81238551 -074.05640008
112  04.81240670 -074.05641811  04.81242021 -074.05641664
111  04.81247725 -074.05640098
111  04.81248634 -074.05644087
111  04.81242049 -074.05645500
111  04.81241240 -074.05645771
112  04.81240916 -074.05647773  04.81241509 -074.05649451
111  04.81242439 -074.05654612
112  04.81244932 -074.05656026  04.81247029 -074.05655870
111  04.81251305 -074.05654942
111  04.81252454 -074.05659710
111  04.81246252 -074.05660982
111  04.81245041 -074.05661262
112  04.81244482 -074.05663320  04.81244888 -074.05664945
111  04.81245134 -074.05665470
111  04.81246439 -074.05670426
112  04.81248582 -074.05671267  04.81249985 -074.05671196
111  04.81254684 -074.05669588
111  04.81255744 -074.05674796
111  04.81248861 -074.05676878
112  04.81248302 -074.05679029  04.81248861 -074.05681179
111  04.81249607 -074.05684919
112  04.81251377 -074.05685293  04.81253132 -074.05684858
111  04.81258109 -074.05683801
111  04.81259355 -074.05689002
111  04.81252682 -074.05690062
112  04.81252309 -074.05692587  04.81252906 -074.05694884
113  04.81253613 -074.05694831
110 2 0.00 0.0000 New Taxiway 27
111  04.81197780 -074.05631446
112  04.81198273 -074.05634128  04.81198576 -074.05635086
111  04.81200174 -074.05635272
111  04.81205326 -074.05634626
111  04.81206453 -074.05639473
112  04.81202911 -074.05640443  04.81200473 -074.05641293
111  04.81200657 -074.05643190
112  04.81202267 -074.05649491  04.81202636 -074.05650945
111  04.81203877 -074.05650622
111  04.81208707 -074.05649852
111  04.81209351 -074.05654198
112  04.81205487 -074.05655146  04.81203448 -074.05655579
111  04.81203877 -074.05658055
112  04.81205981 -074.05665525  04.81206545 -074.05667148
111  04.81207591 -074.05666781
111  04.81212776 -074.05665601
111  04.81213666 -074.05669751
112  04.81208243 -074.05671073  04.81206955 -074.05671397
111  04.81207760 -074.05673949
111  04.81208742 -074.05677522
111  04.81210610 -074.05678055
111  04.81216300 -074.05676509
111  04.81217300 -074.05679228
112  04.81212641 -074.05681293  04.81209780 -074.05683134
111  04.81211444 -074.05687785
112  04.81212893 -074.05693117  04.81212893 -074.05694733
111  04.81214665 -074.05694410
111  04.81218529 -074.05693925
111  04.81219334 -074.05697964
112  04.81214826 -074.05698126  04.81213215 -074.05697803
111  04.81213215 -074.05699580
112  04.81213376 -074.05701681  04.81213698 -074.05702488
111  04.81214826 -074.05702650
111  04.81252424 -074.05695086
111  04.81257899 -074.05693632
111  04.81258221 -074.05691531
111  04.81260153 -074.05691370
111  04.81261280 -074.05696056
111  04.81270779 -074.05695086
111  04.81272712 -074.05703650
111  04.81199919 -074.05720360
111  04.81199758 -074.05719714
111  04.81199436 -074.05718744
111  04.81194274 -074.05718901
111  04.81192190 -074.05705495
111  04.81194193 -074.05705232
111  04.81195134 -074.05710315
111  04.81198861 -074.05710081
111  04.81199715 -074.05709457
111  04.81205539 -074.05709302
111  04.81205384 -074.05707977
111  04.81205091 -074.05705197
112  04.81207251 -074.05704692  04.81207963 -074.05704627
111  04.81207834 -074.05703783
112  04.81207184 -074.05700669  04.81206948 -074.05699716
111  04.81205915 -074.05699833
111  04.81202450 -074.05700711
111  04.81201428 -074.05696472
112  04.81204815 -074.05695551  04.81205486 -074.05695251
111  04.81205620 -074.05694304
111  04.81204166 -074.05689704
111  04.81203696 -074.05689251
111  04.81201030 -074.05693554
111  04.81200827 -074.05692837
111  04.81199899 -074.05690447
111  04.81202366 -074.05685738
111  04.81198507 -074.05684662
111  04.81197726 -074.05681471
112  04.81201780 -074.05682263  04.81202562 -074.05682375
111  04.81202275 -074.05680362
112  04.81201077 -074.05675030  04.81200558 -074.05673271
111  04.81199036 -074.05671327
111  04.81195837 -074.05672037
111  04.81195119 -074.05668726
112  04.81197999 -074.05667819  04.81198894 -074.05667337
111  04.81198745 -074.05666176
112  04.81197250 -074.05660772  04.81196176 -074.05656658
111  04.81194615 -074.05656330
111  04.81192414 -074.05656908
111  04.81191014 -074.05650763
112  04.81193008 -074.05650282  04.81194024 -074.05649947
111  04.81194262 -074.05648405
112  04.81193220 -074.05644321  04.81192311 -074.05640764
111  04.81191646 -074.05639897
111  04.81188470 -074.05640674
111  04.81188215 -074.05639236
111  04.81187536 -074.05636499
112  04.81189977 -074.05636161  04.81190747 -074.05635862
111  04.81191071 -074.05634517
113  04.81190512 -074.05632404
110 2 0.00 0.0000 New Taxiway 26
111  04.81512861 -074.07154114
111  04.81509885 -074.07141698
111  04.81542993 -074.07133880
111  04.81542437 -074.07131088
111  04.81547723 -074.07129134
111  04.81547166 -074.07126342
111  04.81616444 -074.07109868
113  04.81621173 -074.07133880
110 2 0.00 0.0000 New Taxiway 25
112  04.81487919 -074.07069999  04.81488839 -074.07074270
111  04.81493019 -074.07072602
111  04.81508043 -074.07068414
111  04.81505539 -074.07054174
111  04.81528353 -074.07049707
111  04.81532248 -074.07061992
111  04.81532913 -074.07062007
111  04.81606531 -074.07043089
111  04.81605923 -074.07041071
111  04.81626011 -074.07036637
111  04.81632906 -074.07065648
111  04.81607588 -074.07071232
111  04.81603720 -074.07072284
111  04.81559341 -074.07082711
111  04.81558064 -074.07083238
111  04.81556347 -074.07076313
111  04.81550274 -074.07077713
111  04.81506999 -074.07087887
111  04.81507904 -074.07091444
111  04.81497134 -074.07093010
114  04.81494726 -074.07096778  04.81494346 -074.07100279
110 2 0.00 0.0000 New Taxiway 44
111  04.81553185 -074.07255189
112  04.81567309 -074.07252381  04.81569174 -074.07252916
111  04.81570073 -074.07249473
112  04.81573437 -074.07262811  04.81572701 -074.07260411
111  04.81568774 -074.07260939
113  04.81555317 -074.07264282
110 2 0.00 0.0000 New Taxiway 43
111  04.81689752 -074.07189417
111  04.81643300 -074.07202531
111  04.81641425 -074.07195745
111  04.81665620 -074.07190886
113  04.81688695 -074.07185227
110 2 0.00 0.0000 New Taxiway 42
111  04.81621992 -074.07249300
111  04.81617914 -074.07232855
111  04.81640591 -074.07226467
111  04.81635419 -074.07203710
111  04.81627860 -074.07205307
111  04.81626667 -074.07198919
111  04.81641387 -074.07195725
111  04.81643376 -074.07202512
111  04.81650935 -074.07233654
112  04.81654408 -074.07233836  04.81657786 -074.07232966
111  04.81679752 -074.07228517
112  04.81682597 -074.07223769  04.81682064 -074.07218821
111  04.81676335 -074.07200771
111  04.81669940 -074.07196091
111  04.81668753 -074.07195243
111  04.81688195 -074.07189702
111  04.81682823 -074.07198858
111  04.81688387 -074.07223503
112  04.81693282 -074.07225265  04.81698462 -074.07222954
111  04.81713201 -074.07220348
112  04.81715346 -074.07217755  04.81714387 -074.07214867
111  04.81707096 -074.07185793
112  04.81705177 -074.07184061  04.81703451 -074.07184253
111  04.81697885 -074.07186002
111  04.81689636 -074.07189452
111  04.81688662 -074.07185275
112  04.81696768 -074.07182545  04.81701531 -074.07181431
111  04.81705727 -074.07180865
111  04.81711870 -074.07179325
111  04.81712660 -074.07182713
111  04.81721102 -074.07217178
112  04.81725591 -074.07217766  04.81728354 -074.07215686
111  04.81788169 -074.07203076
111  04.81790241 -074.07202614
111  04.81790241 -074.07201228
111  04.81791623 -074.07200534
111  04.81793799 -074.07207066
111  04.81756857 -074.07216477
111  04.81756166 -074.07226874
111  04.81751101 -074.07228953
111  04.81750180 -074.07220636
111  04.81736349 -074.07223048
111  04.81741545 -074.07230400
111  04.81737154 -074.07231830
111  04.81732080 -074.07224404
111  04.81725933 -074.07225170
111  04.81726157 -074.07233452
111  04.81720041 -074.07234838
111  04.81719185 -074.07227811
111  04.81672822 -074.07237964
111  04.81675270 -074.07247515
111  04.81673283 -074.07247888
111  04.81671210 -074.07239120
111  04.81662766 -074.07241483
111  04.81664349 -074.07249775
111  04.81661207 -074.07250675
111  04.81659432 -074.07242095
111  04.81629998 -074.07248131
111  04.81631941 -074.07255943
111  04.81629783 -074.07256261
113  04.81627926 -074.07248478
110 1 0.00 0.0000 New Taxiway 41
111  04.81637640 -074.07411719
112  04.81802414 -074.07397413  04.81805066 -074.07398411
111  04.81805398 -074.07395417
111  04.81782190 -074.07323218
111  04.81786169 -074.07321887
111  04.81811034 -074.07396082
111  04.81833579 -074.07394419
111  04.81810371 -074.07318227
111  04.81814681 -074.07317562
111  04.81838552 -074.07393088
112  04.81838552 -074.07396748  04.81840209 -074.07399077
111  04.81837888 -074.07400740
113  04.81637022 -074.07416516
110 1 0.00 0.0000 New Taxiway 33
111  04.81221102 -074.05944260
111  04.81251419 -074.05939271
111  04.81261423 -074.05981115
113  04.81232037 -074.05991440
110 1 0.00 0.0000 New Taxiway 32
111  04.81304683 -074.06276549
112  04.81299726 -074.06280735  04.81297949 -074.06283632
112  04.81296776 -074.06266984  04.81299552 -074.06268210
113  04.81302724 -074.06267921
110 1 0.00 0.0000 New Taxiway 31
111  04.81304703 -074.06276518
111  04.81302749 -074.06267969
111  04.81328198 -074.06262224
113  04.81330009 -074.06270286
110 1 0.00 0.0000 Taxiway 17
112  04.81319912 -074.06366271  04.81322790 -074.06368678
111  04.81326628 -074.06367715
111  04.81352049 -074.06363062
111  04.81354767 -074.06375898
111  04.81329026 -074.06381193
114  04.81324703 -074.06387344  04.81325990 -074.06392910
110 4 0.00 0.0000 New Taxiway 29
111  04.81377195 -074.06609651
111  04.81382125 -074.06606709
111  04.81381992 -074.06607645
111  04.81381459 -074.06608715
112  04.81380926 -074.06611256  04.81380793 -074.06611523
111  04.81380926 -074.06613662
112  04.81385056 -074.06629173  04.81385190 -074.06629440
112  04.81385323 -074.06631044  04.81385456 -074.06631312
111  04.81385856 -074.06632916
111  04.81386256 -074.06633986
111  04.81386256 -074.06634922
111  04.81385456 -074.06635189
111  04.81384523 -074.06634788
113  04.81382925 -074.06633986
110 1 0.00 0.0000 New Taxiway 28
112  04.81383154 -074.06634764  04.81384689 -074.06637845
111  04.81389102 -074.06636882
112  04.81404724 -074.06634339  04.81406101 -074.06633999
111  04.81406185 -074.06632722
112  04.81398119 -074.06604535  04.81397477 -074.06602157
111  04.81395505 -074.06601999
111  04.81380095 -074.06605633
111  04.81376882 -074.06609763
111  04.81373546 -074.06595719
112  04.81376001 -074.06597785  04.81377384 -074.06598538
112  04.81394484 -074.06595192  04.81395609 -074.06594842
111  04.81395322 -074.06591106
112  04.81389612 -074.06568411  04.81388491 -074.06566367
111  04.81386651 -074.06566351
111  04.81372794 -074.06571033
112  04.81369095 -074.06576933  04.81367504 -074.06581675
112  04.81365572 -074.06561613  04.81368416 -074.06563868
111  04.81370886 -074.06563544
112  04.81384497 -074.06560251  04.81387778 -074.06558869
111  04.81386860 -074.06554630
112  04.81381427 -074.06536953  04.81379499 -074.06531806
111  04.81376247 -074.06531370
112  04.81364160 -074.06533873  04.81362625 -074.06534450
112  04.81359994 -074.06537421  04.81358147 -074.06540078
112  04.81356468 -074.06522792  04.81360002 -074.06525586
111  04.81362720 -074.06524860
111  04.81375792 -074.06523200
112  04.81382316 -074.06518964  04.81385577 -074.06516461
111  04.81388998 -074.06520728
112  04.81406793 -074.06596008  04.81405136 -074.06599023
111  04.81406436 -074.06612126
112  04.81411124 -074.06627747  04.81412458 -074.06630680
111  04.81414073 -074.06631242
111  04.81417424 -074.06630654
111  04.81419729 -074.06638146
111  04.81389922 -074.06644922
114  04.81388642 -074.06658952  04.81389595 -074.06663640
110 4 0.00 0.0000 New Taxiway 26
111  04.81409467 -074.06748202
111  04.81410267 -074.06749165
111  04.81410746 -074.06749647
112  04.81412665 -074.06749647  04.81413145 -074.06749647
112  04.81414903 -074.06751572  04.81415543 -074.06752214
112  04.81416342 -074.06752535  04.81416822 -074.06752855
112  04.81418740 -074.06753818  04.81418900 -074.06753818
112  04.81421299 -074.06753818  04.81422738 -074.06753818
112  04.81423697 -074.06753818  04.81424336 -074.06753818
112  04.81425935 -074.06753818  04.81427054 -074.06753818
111  04.81426575 -074.06753658
112  04.81428813 -074.06751732  04.81428973 -074.06751251
112  04.81431052 -074.06748363  04.81432171 -074.06745796
112  04.81431851 -074.06746598  04.81432331 -074.06745475
112  04.81433130 -074.06745475  04.81433610 -074.06744833
112  04.81434249 -074.06745154  04.81434569 -074.06745154
111  04.81435368 -074.06745154
111  04.81436807 -074.06746438
112  04.81436807 -074.06752695  04.81437287 -074.06757027
112  04.81436807 -074.06756706  04.81436807 -074.06757830
112  04.81437127 -074.06758471  04.81437287 -074.06759113
112  04.81438406 -074.06760878  04.81438566 -074.06761359
111  04.81439046 -074.06763124
111  04.81439046 -074.06765531
111  04.81438566 -074.06766975
111  04.81438246 -074.06767457
111  04.81437447 -074.06767617
112  04.81435368 -074.06767296  04.81435209 -074.06766975
111  04.81434729 -074.06766815
111  04.81432331 -074.06765210
111  04.81430092 -074.06764568
111  04.81429293 -074.06761359
111  04.81426895 -074.06761359
111  04.81424496 -074.06761359
112  04.81418581 -074.06761359  04.81417781 -074.06761359
111  04.81416662 -074.06762803
111  04.81416182 -074.06766975
113  04.81414903 -074.06770986
110 4 0.00 0.0000 New Taxiway 25
111  04.81456255 -074.06854839
111  04.81450287 -074.06851179
111  04.81444983 -074.06849515
112  04.81441667 -074.06847852  04.81440010 -074.06847519
111  04.81437689 -074.06845856
112  04.81436363 -074.06843859  04.81436031 -074.06843527
111  04.81435368 -074.06840865
111  04.81434705 -074.06839201
111  04.81438020 -074.06841863
112  04.81441336 -074.06842196  04.81441667 -074.06842196
112  04.81444651 -074.06842861  04.81444983 -074.06843194
111  04.81445977 -074.06844192
112  04.81450619 -074.06846521  04.81452277 -074.06847519
112  04.81456255 -074.06849183  04.81456586 -074.06849515
111  04.81457250 -074.06850514
113  04.81457581 -074.06853841
110 4 0.00 0.0000 New Taxiway 24
111  04.81452853 -074.06813252
111  04.81452053 -074.06810685
111  04.81452053 -074.06808278
112  04.81451094 -074.06805711  04.81450774 -074.06805230
112  04.81450455 -074.06803786  04.81450455 -074.06803144
111  04.81451414 -074.06801700
111  04.81451414 -074.06800095
111  04.81449975 -074.06798170
112  04.81449495 -074.06796405  04.81449335 -074.06795121
112  04.81449176 -074.06793517  04.81449176 -074.06792875
112  04.81449016 -074.06791270  04.81449016 -074.06791110
111  04.81449240 -074.06790243
111  04.81448472 -074.06788318
111  04.81448280 -074.06786585
111  04.81449815 -074.06786200
112  04.81451542 -074.06787740  04.81451542 -074.06788126
112  04.81451926 -074.06790051  04.81452117 -074.06790436
112  04.81452693 -074.06792361  04.81452693 -074.06792746
112  04.81454036 -074.06794094  04.81454228 -074.06794094
111  04.81456530 -074.06794479
112  04.81456914 -074.06796212  04.81457106 -074.06797945
112  04.81457490 -074.06799870  04.81457681 -074.06800256
111  04.81457873 -074.06801026
112  04.81456338 -074.06802566  04.81456147 -074.06802566
112  04.81455571 -074.06802758  04.81455379 -074.06803144
112  04.81454612 -074.06804877  04.81454612 -074.06805262
112  04.81454612 -074.06806995  04.81454612 -074.06807187
112  04.81455187 -074.06808150  04.81455187 -074.06809497
111  04.81455187 -074.06809690
113  04.81455187 -074.06811615
110 4 0.00 0.0000 New Taxiway 22
111  04.81464776 -074.06858179
111  04.81461783 -074.06853096
111  04.81461322 -074.06851248
111  04.81460171 -074.06848475
111  04.81459480 -074.06844547
111  04.81459250 -074.06841775
111  04.81458099 -074.06839695
112  04.81457638 -074.06836692  04.81457408 -074.06836461
112  04.81456717 -074.06834843  04.81456948 -074.06834612
111  04.81456948 -074.06832764
112  04.81456487 -074.06830915  04.81456487 -074.06830453
111  04.81456027 -074.06826294
111  04.81454876 -074.06824908
111  04.81456487 -074.06823522
112  04.81458099 -074.06825370  04.81458099 -074.06826757
112  04.81458559 -074.06829529  04.81459020 -074.06830453
112  04.81459480 -074.06832071  04.81459941 -074.06834150
112  04.81460401 -074.06835767  04.81460401 -074.06836923
112  04.81460401 -074.06838309  04.81460862 -074.06839695
112  04.81461092 -074.06840850  04.81461783 -074.06843854
112  04.81462243 -074.06845009  04.81462473 -074.06847551
112  04.81463624 -074.06849168  04.81463855 -074.06849630
111  04.81464545 -074.06851248
111  04.81465006 -074.06851248
111  04.81466157 -074.06852634
112  04.81467539 -074.06852403  04.81467999 -074.06852403
111  04.81470301 -074.06851017
111  04.81470762 -074.06854482
111  04.81471222 -074.06854944
111  04.81469841 -074.06857948
114  04.81466618 -074.06859334  04.81466387 -074.06859334
110 4 2.00 0.0000 New Taxiway 21
111  04.81428888 -074.06819410
111  04.81429687 -074.06819142
111  04.81439147 -074.06819410
111  04.81441545 -074.06818206
111  04.81442078 -074.06818073
111  04.81443278 -074.06818073
111  04.81443677 -074.06818607
111  04.81448474 -074.06818206
111  04.81449939 -074.06817137
111  04.81454070 -074.06817404
111  04.81454470 -074.06819410
111  04.81451938 -074.06819677
113  04.81430220 -074.06826363
110 1 0.00 0.0000 New Taxiway 19
112  04.81477223 -074.07025521  04.81479909 -074.07029949
111  04.81485664 -074.07028987
111  04.81492955 -074.07028024
111  04.81499670 -074.07035726
111  04.81485494 -074.07038664
114  04.81481252 -074.07044582  04.81481583 -074.07046827
110 1 0.00 0.0000 New Taxiway 14
111  04.81476970 -074.06879311
111  04.81483521 -074.06878821
111  04.81489161 -074.06904359
111  04.81479635 -074.06903646
111  04.81460980 -074.06934023
112  04.81458184 -074.06940817  04.81458371 -074.06945791
112  04.81453121 -074.06927981  04.81455181 -074.06930897
111  04.81456851 -074.06929318
113  04.81476970 -074.06895228
110 1 0.00 0.0000 New Taxiway 13
111  04.81476869 -074.06895032
111  04.81476040 -074.06888655
111  04.81442887 -074.06868415
112  04.81440010 -074.06873767  04.81440543 -074.06878848
112  04.81435214 -074.06853978  04.81439744 -074.06860396
113  04.81476917 -074.06879517
110 1 0.00 0.0000 New Taxiway 12
111  04.81537915 -074.07268740
112  04.81536415 -074.07271904  04.81536366 -074.07274884
112  04.81532880 -074.07256161  04.81533839 -074.07257576
111  04.81535838 -074.07257819
111  04.81537437 -074.07257685
111  04.81553159 -074.07255279
113  04.81555291 -074.07264371
110 1 0.00 0.0000 New Taxiway 10
111  04.81556897 -074.07355332
111  04.81555869 -074.07350109
111  04.81612719 -074.07336843
113  04.81614328 -074.07342707
110 1 0.00 0.0000 New Taxiway 9
112  04.81554185 -074.07349677  04.81554401 -074.07350568
111  04.81555899 -074.07350040
111  04.81556960 -074.07355273
114  04.81548632 -074.07350472  04.81547071 -074.07343895
110 1 0.00 0.0000 New Taxiway 8
111  04.81521429 -074.07236835
111  04.81528054 -074.07235396
111  04.81554166 -074.07349627
113  04.81548640 -074.07350458
110 2 0.00 0.0000 New Taxiway 198
111  04.81693806 -074.07244193
111  04.81688097 -074.07234433
111  04.81690735 -074.07233831
111  04.81693278 -074.07238837
111  04.81694522 -074.07238487
111  04.81693466 -074.07233183
111  04.81695597 -074.07232692
113  04.81697417 -074.07243468
110 4 0.00 0.0000 New Taxiway 183
111  04.81547241 -074.07202731
111  04.81543811 -074.07189867
112  04.81535326 -074.07187149  04.81527562 -074.07188780
111  04.81524493 -074.07189867
112  04.81520260 -074.07202449  04.81522066 -074.07210965
111  04.81515392 -074.07183377
111  04.81516395 -074.07181982
111  04.81541825 -074.07177003
112  04.81550491 -074.07182801  04.81552116 -074.07190411
113  04.81555005 -074.07201100
110 4 0.00 0.0000 New Taxiway 82
111  04.81406454 -074.06588975
111  04.81404700 -074.06580966
111  04.81398986 -074.06557960
111  04.81392134 -074.06532273
111  04.81390257 -074.06525153
111  04.81393929 -074.06527333
111  04.81410729 -074.06593010
111  04.81410729 -074.06594646
111  04.81410855 -074.06595526
111  04.81410103 -074.06596155
111  04.81409476 -074.06595778
113  04.81407219 -074.06595275
110 2 0.00 0.0000 New Taxiway 1
111  04.81109864 -074.05594682
111  04.81114962 -074.05592756
112  04.81115722 -074.05591721  04.81115850 -074.05591381
111  04.81116001 -074.05590455
111  04.81119911 -074.05600058
112  04.81118111 -074.05599288  04.81117364 -074.05599013
111  04.81116069 -074.05599587
113  04.81112597 -074.05601264
110 4 0.00 0.0000 New Taxiway 1
111  04.81130141 -074.05611303
111  04.81151768 -074.05583960
111  04.81141626 -074.05571450
111  04.81144362 -074.05567636
111  04.81157131 -074.05583044
111  04.81155003 -074.05585790
111  04.81154091 -074.05585180
113  04.81131262 -074.05613799
110 1 0.00 0.0000 New Taxiway 28
112  04.81329262 -074.06405744  04.81329973 -074.06408421
111  04.81335130 -074.06408064
111  04.81342242 -074.06406636
111  04.81343042 -074.06410205
112  04.81339664 -074.06411275  04.81336285 -074.06412257
113  04.81331627 -074.06415949
110 1 0.00 0.0000 New Taxiway 3
111  04.81166641 -074.05510229
111  04.81167894 -074.05513745
111  04.81182102 -074.05509728
111  04.81183878 -074.05515104
111  04.81198345 -074.05511510
111  04.81199255 -074.05514243
111  04.81241814 -074.05502975
111  04.81243935 -074.05509188
111  04.81198160 -074.05521506
111  04.81198499 -074.05526236
111  04.81193566 -074.05527803
111  04.81194687 -074.05535559
111  04.81190792 -074.05538585
111  04.81192396 -074.05542143
111  04.81186994 -074.05543820
111  04.81155726 -074.05552383
111  04.81142788 -074.05518135
113  04.81163340 -074.05511372
120 Linear Feature 22
111  04.81145470 -074.05669250 2
115  04.81133443 -074.05636374
120 Linear Feature 21
111  04.81082593 -074.05645752 1
111  04.81088371 -074.05657647 1
116  04.81097410 -074.05661588  04.81103633 -074.05659357
120 Linear Feature 20
111  04.81102715 -074.05681859 1
111  04.81096902 -074.05667970 1
116  04.81100812 -074.05660432  04.81106368 -074.05658161
120 Linear Feature 19
111  04.81117886 -074.05676476 1
111  04.81112696 -074.05663100 1
116  04.81114446 -074.05655539  04.81118459 -074.05653887
120 Linear Feature 18
111  04.81131968 -074.05671527 1
111  04.81127232 -074.05658808 1
116  04.81129262 -074.05650254  04.81133707 -074.05648581
120 Linear Feature 17
111  04.81133569 -074.05648638 1
115  04.81089829 -074.05664340
120 Linear Feature 16
111  04.81143170 -074.05667551 1
115  04.81098008 -074.05683610
120 Linear Feature 16
111  04.81110508 -074.05741405 4
115  04.81113263 -074.05753855
120 Linear Feature 14
111  04.81316871 -074.06617180 4
115  04.81314271 -074.06604918
120 Linear Feature 15
111  04.81207017 -074.06152722 4
115  04.81209516 -074.06165038
120 Linear Feature 204
111  04.81337766 -074.06829423 1
112  04.81345655 -074.06830082  04.81351672 -074.06829321 1
111  04.81368691 -074.06827717 1
111  04.81411797 -074.06821036 1
116  04.81417980 -074.06811746  04.81418015 -074.06807693
120 Linear Feature 14
111  04.81602244 -074.07249864 1
116  04.81596026 -074.07257021  04.81596537 -074.07259756
120 Linear Feature 13
111  04.81585981 -074.07253282 1
116  04.81596006 -074.07257048  04.81596900 -074.07259697
120 Linear Feature 12
111  04.81593218 -074.07244139 1
116  04.81602159 -074.07249864  04.81608034 -074.07248455
120 Linear Feature 11
111  04.81585954 -074.07253286 1
116  04.81593261 -074.07244054  04.81592026 -074.07237901
120 Linear Feature 10
111  04.81602049 -074.07285072 1
115  04.81580386 -074.07184337
120 Linear Feature 9
111  04.81753749 -074.07227390 1
115  04.81753749 -074.07214377
120 Linear Feature 8
111  04.81739129 -074.07230834 1
115  04.81730739 -074.07219990
120 Linear Feature 7
111  04.81723238 -074.07234279 1
115  04.81720315 -074.07222542
120 Linear Feature 6
111  04.81630880 -074.07255871 1
115  04.81627879 -074.07244619
120 Linear Feature 5
111  04.81695842 -074.07243822 1
115  04.81694811 -074.07233264
120 Linear Feature 4
111  04.81695400 -074.07243822 1
115  04.81689662 -074.07234372
120 Linear Feature 3
111  04.81674298 -074.07247784 1
115  04.81670804 -074.07234249
120 Linear Feature 2
111  04.81661362 -074.07241693 1
116  04.81662711 -074.07236279  04.81665408 -074.07235664
120 Linear Feature 1
111  04.81662711 -074.07249876 1
111  04.81661301 -074.07241693 1
116  04.81656887 -074.07237694  04.81654189 -074.07238248
120 Linear Feature 2
111  04.81436607 -074.07249717 1
115  04.81519554 -074.07228983
120 Linear Feature 3
111  04.81485709 -074.07091296 1
115  04.81403564 -074.07110501
120 Linear Feature 4
111  04.81340364 -074.06841039 1
115  04.81421557 -074.06826975
120 Linear Feature 5
111  04.81287686 -074.06616425 1
115  04.81369064 -074.06600531
120 Linear Feature 6
111  04.81181009 -074.06163968 1
115  04.81262770 -074.06148189
120 Linear Feature 7
111  04.81084623 -074.05753933 1
115  04.81164783 -074.05734728
120 Linear Feature 10
111  04.81462392 -074.07235302 4
115  04.81466058 -074.07250277
120 Linear Feature 12
111  04.81430707 -074.07097188 4
115  04.81434250 -074.07111107
120 A1
111  04.81613414 -074.07339840 1
115  04.81556496 -074.07352684
120 A
111  04.81551276 -074.07350111 1
111  04.81524832 -074.07236192 1
111  04.81504856 -074.07154707 1
111  04.81482818 -074.07063823 1
111  04.81461066 -074.06975694 1
111  04.81434260 -074.06865449 1
111  04.81372035 -074.06600381 1
111  04.81265186 -074.06147538 1
111  04.81168462 -074.05734058 1
115  04.81153672 -074.05673211
120 Linear Feature 210
111  04.81163014 -074.05728612 1
115  04.81083411 -074.05747896
120 Linear Feature 209
111  04.81086344 -074.05760347 1
115  04.81166037 -074.05741318
120 Linear Feature 208
111  04.81260534 -074.06141634 1
111  04.81184028 -074.06157480 1
116  04.81179056 -074.06155027  04.81178297 -074.06152617
120 Linear Feature 207
111  04.81183176 -074.06173011 1
112  04.81186937 -074.06169461  04.81188780 -074.06168978 1
115  04.81263526 -074.06154134
120 Linear Feature 206
111  04.81343637 -074.06854020 1
112  04.81350211 -074.06848522  04.81354045 -074.06847676 1
111  04.81371997 -074.06843701 1
111  04.81415263 -074.06835904 1
116  04.81424305 -074.06838523  04.81425640 -074.06842481
120 Linear Feature 203
111  04.81401202 -074.07099472 1
112  04.81406974 -074.07103045  04.81409217 -074.07102555 1
111  04.81482259 -074.07084924 1
116  04.81483676 -074.07083033  04.81483530 -074.07082357
120 Linear Feature 202
111  04.81405856 -074.07119387 1
112  04.81409607 -074.07116681  04.81412135 -074.07116173 1
111  04.81485220 -074.07098445 1
116  04.81488044 -074.07100729  04.81488423 -074.07101998
120 Linear Feature 1
111  04.81551279 -074.07350107 1
116  04.81556509 -074.07352684  04.81560662 -074.07351730
120 Linear Feature 201
111  04.81521213 -074.07236731 1
115  04.81438224 -074.07256943
120 Linear Feature 200
111  04.81517205 -074.07221377 1
115  04.81434844 -074.07242165
120 Linear Feature 199
111  04.81483972 -074.06878611 3
111  04.81479238 -074.06857114 3
111  04.81486156 -074.06855957 3
111  04.81541680 -074.06844874 3
111  04.81542729 -074.06844664 3
111  04.81541365 -074.06837403 3
111  04.81544092 -074.06836456 3
111  04.81544301 -074.06830247 3
115  04.81545140 -074.06829510
120 Linear Feature 197
111  04.81647219 -074.07234378 1
116  04.81646269 -074.07240191  04.81644092 -074.07240991
120 Linear Feature 196
111  04.81647212 -074.07234345 1
116  04.81652509 -074.07238734  04.81656427 -074.07237715
120 Linear Feature 195
111  04.81685654 -074.07224466 1
116  04.81683780 -074.07231162  04.81680733 -074.07232036
120 Linear Feature 194
111  04.81685658 -074.07224483 1
116  04.81690963 -074.07229342  04.81695098 -074.07228395
120 Linear Feature 193
111  04.81718368 -074.07217254 1
116  04.81716024 -074.07223345  04.81713606 -074.07223901
120 Linear Feature 192
111  04.81718363 -074.07217272 1
116  04.81724086 -074.07221423  04.81727764 -074.07220715
120 Linear Feature 191
111  04.81718366 -074.07217283 1
115  04.81710216 -074.07183836
120 Linear Feature 190
111  04.81685664 -074.07224517 1
115  04.81677619 -074.07190127
120 Linear Feature 189
111  04.81628827 -074.07201975 1
115  04.81694649 -074.07185933
120 Linear Feature 188
111  04.81647215 -074.07234373 1
115  04.81638230 -074.07199354
120 Linear Feature 187
111  04.81559542 -074.07207882 1
115  04.81557888 -074.07200892
120 Linear Feature 186
111  04.81621224 -074.07246234 1
115  04.81793092 -074.07204714
120 Linear Feature 185
111  04.81621127 -074.07246238 1
115  04.81571780 -074.07256000
120 Linear Feature 182
111  04.81548352 -074.07172734 9
115  04.81546436 -074.07165219
120 A2
111  04.81539087 -074.07263065 1
115  04.81571584 -074.07255999
120 A4
111  04.81518055 -074.07175782 1
115  04.81548566 -074.07168716
120 A3
111  04.81558676 -074.07204408 1
115  04.81527082 -074.07212743
120 Linear Feature 177
111  04.81610992 -074.07119409 1
116  04.81607785 -074.07127011  04.81603359 -074.07128103
120 Linear Feature 176
111  04.81598212 -074.07122058 1
116  04.81596035 -074.07129557  04.81592190 -074.07130431
120 Linear Feature 175
111  04.81598284 -074.07121985 1
116  04.81604524 -074.07127664  04.81608587 -074.07126863
120 Linear Feature 174
111  04.81584354 -074.07125334 1
116  04.81580146 -074.07132979  04.81575285 -074.07134290
120 Linear Feature 173
111  04.81584354 -074.07125261 1
116  04.81591392 -074.07130504  04.81596833 -074.07129339
120 Linear Feature 172
111  04.81563676 -074.07129630 1
116  04.81571584 -074.07134872  04.81576808 -074.07133780
120 Linear Feature 171
111  04.81563531 -074.07129557 1
116  04.81557364 -074.07138003  04.81550689 -074.07139532
120 Linear Feature 170
111  04.81561922 -074.07122737 1
115  04.81563552 -074.07129532
120 Linear Feature 169
111  04.81582860 -074.07117201 1
115  04.81584365 -074.07125128
120 Linear Feature 168
111  04.81596651 -074.07114685 1
115  04.81598156 -074.07121983
120 Linear Feature 167
111  04.81609690 -074.07111665 1
115  04.81611069 -074.07119340
120 A5
111  04.81511683 -074.07147874 1
115  04.81619381 -074.07124440
120 Linear Feature 163
111  04.81258429 -074.06001050 5
115  04.81262316 -074.06017280
120 Linear Feature 162
111  04.81592794 -074.07060794 2
112  04.81600070 -074.07063276  04.81601112 -074.07067645 2
115  04.81602129 -074.07072326
120 Linear Feature 161
111  04.81577645 -074.07064335 2
112  04.81581642 -074.07066664  04.81582440 -074.07070086 2
115  04.81583816 -074.07076598
120 Linear Feature 160
111  04.81565661 -074.07075887 2
115  04.81566813 -074.07081306
120 Linear Feature 159
111  04.81562138 -074.07067862 2
112  04.81564441 -074.07069986  04.81565167 -074.07073408 2
115  04.81565671 -074.07075882
120 Linear Feature 157
111  04.81606139 -074.07051979 2
116  04.81603280 -074.07058287  04.81600581 -074.07058986
120 Linear Feature 156
111  04.81591686 -074.07055387 2
116  04.81588499 -074.07061735  04.81585538 -074.07062696
120 Linear Feature 155
111  04.81579061 -074.07058357 2
116  04.81577534 -074.07064249  04.81575097 -074.07065123
120 Linear Feature 154
111  04.81567143 -074.07060995 2
116  04.81562778 -074.07067769  04.81559296 -074.07068642
120 Linear Feature 153
111  04.81555379 -074.07063512 2
116  04.81554170 -074.07069856  04.81551035 -074.07070468
120 Linear Feature 151
111  04.81522387 -074.07084531 2
111  04.81521081 -074.07079201 2
116  04.81517252 -074.07078430  04.81514031 -074.07078954
120 Linear Feature 150
111  04.81541921 -074.07079452 2
111  04.81541038 -074.07075745 2
116  04.81537481 -074.07073675  04.81534034 -074.07074619
120 Linear Feature 149
111  04.81603954 -074.07044037 2
115  04.81606043 -074.07051814
120 Linear Feature 148
111  04.81589588 -074.07047707 2
115  04.81591678 -074.07055221
120 Linear Feature 147
111  04.81577051 -074.07050678 2
115  04.81579053 -074.07058105
120 Linear Feature 146
111  04.81565384 -074.07053699 2
115  04.81567127 -074.07060973
120 Linear Feature 145
111  04.81553645 -074.07056823 2
115  04.81555313 -074.07063595
120 Linear Feature 143
111  04.81539758 -074.07060541 2
115  04.81541572 -074.07066810
120 A6
111  04.81629520 -074.07052163 2
115  04.81495961 -074.07083496
120 Linear Feature 140
111  04.81511636 -074.07067418 5
115  04.81516272 -074.07085618
120 Linear Feature 138
111  04.81493201 -074.07072655 5
115  04.81497902 -074.07093013
120 Linear Feature 136
111  04.81582010 -074.06718518 1
115  04.81569368 -074.06662529
120 Linear Feature 135
111  04.81561323 -074.06723446 1
115  04.81548368 -074.06666828
120 Linear Feature 134
111  04.81499358 -074.06719799 24
112  04.81497694 -074.06719433  04.81495912 -074.06719860 24
115  04.81495998 -074.06719861
120 Linear Feature 133
111  04.81504163 -074.06732142 24
111  04.81502365 -074.06732557 24
112  04.81501728 -074.06731742  04.81501606 -074.06730986 24
111  04.81500649 -074.06726427 24
111  04.81499774 -074.06721891 24
115  04.81499348 -074.06719701
120 Linear Feature 132
111  04.81504938 -074.06734479 24
111  04.81500536 -074.06735382 24
112  04.81499960 -074.06734832  04.81499847 -074.06734225 24
111  04.81497596 -074.06722346 24
116  04.81497099 -074.06722227  04.81496661 -074.06722396
120 Linear Feature 131
111  04.81533062 -074.06710955 24
116  04.81533530 -074.06709220  04.81533292 -074.06708607
120 Linear Feature 130
111  04.81536040 -074.06711581 24
116  04.81536348 -074.06709027  04.81536053 -074.06707700
120 Linear Feature 129
111  04.81536348 -074.06709068 24
115  04.81516597 -074.06628755
120 Linear Feature 128
111  04.81513801 -074.06629667 24
115  04.81533540 -074.06709248
120 Linear Feature 125
111  04.81530141 -074.06714392 24
115  04.81533076 -074.06710936
120 Linear Feature 124
111  04.81504927 -074.06734460 24
111  04.81517203 -074.06731492 24
115  04.81531196 -074.06716774
120 Linear Feature 123
111  04.81530191 -074.06714338 24
115  04.81515771 -074.06729574
120 Linear Feature 122
111  04.81515828 -074.06729553 24
115  04.81504163 -074.06732131
120 Linear Feature 119
111  04.81599937 -074.06706261 1
115  04.81541262 -074.06720574
120 Linear Feature 117
111  04.81530819 -074.06676560 1
115  04.81590422 -074.06663942
120 Linear Feature 115
111  04.81531742 -074.06682976 1
115  04.81518475 -074.06628601
120 Linear Feature 114
111  04.81522420 -074.06647120 1
111  04.81508142 -074.06650964 1
115  04.81499000 -074.06674643
120 Linear Feature 113
111  04.81526861 -074.06663896 1
111  04.81512147 -074.06668002 1
115  04.81503092 -074.06690720
120 Linear Feature 111
111  04.81512611 -074.06729528 1
115  04.81491999 -074.06646488
120 Linear Feature 110
111  04.81520333 -074.06723668 1
115  04.81509011 -074.06675974
120 Linear Feature 108
111  04.81528085 -074.06712987 1
115  04.81513007 -074.06649662
120 Linear Feature 107
111  04.81383355 -074.06642391 1
116  04.81381664 -074.06641455  04.81381343 -074.06639963
120 Linear Feature 106
111  04.81384492 -074.06642157 1
111  04.81383326 -074.06642391 1
116  04.81382305 -074.06644264  04.81382626 -074.06645493
120 Linear Feature 105
111  04.81374869 -074.06605104 1
116  04.81373557 -074.06606763  04.81373824 -074.06607543
120 Linear Feature 104
111  04.81375606 -074.06603798 1
111  04.81374886 -074.06605084 1
116  04.81372950 -074.06604251  04.81372804 -074.06603300
120 Linear Feature 103
112  04.81365116 -074.06571095  04.81364800 -074.06569827 1
115  04.81366355 -074.06569388
120 Linear Feature 102
111  04.81367522 -074.06569022 1
111  04.81366331 -074.06569388 1
116  04.81364411 -074.06568095  04.81363998 -074.06566388
120 Linear Feature 97
111  04.81453278 -074.06623301 1
111  04.81456652 -074.06623954 1
115  04.81490511 -074.06616309
120 Linear Feature 96
111  04.81454118 -074.06617853 1
115  04.81477819 -074.06612028
120 Linear Feature 95
111  04.81443839 -074.06625741 1
111  04.81453272 -074.06623253 1
116  04.81453997 -074.06617853  04.81452546 -074.06612999
120 Linear Feature 94
111  04.81406410 -074.06637403 1
111  04.81415044 -074.06634168 1
111  04.81443755 -074.06625739 1
112  04.81445093 -074.06621180  04.81444048 -074.06617301 1
115  04.81440078 -074.06600630
120 Linear Feature 92
111  04.81419703 -074.06637863 3
115  04.81501156 -074.06619060
120 Linear Feature 91
111  04.81417759 -074.06630787 3
111  04.81438733 -074.06624900 3
112  04.81438893 -074.06624208  04.81438858 -074.06623822 3
115  04.81436562 -074.06600763
120 Linear Feature 90
111  04.81397413 -074.06587368 1
111  04.81403409 -074.06590401 1
116  04.81404315 -074.06596267  04.81400335 -074.06599857
120 Linear Feature 89
111  04.81395288 -074.06578742 1
112  04.81400377 -074.06580192  04.81402694 -074.06580445 1
116  04.81401720 -074.06585097  04.81399973 -074.06587153
120 Linear Feature 88
111  04.81392762 -074.06568145 1
112  04.81397169 -074.06569660  04.81398624 -074.06570007 1
111  04.81399582 -074.06570404 1
116  04.81399122 -074.06574646  04.81396495 -074.06577961
120 Linear Feature 87
111  04.81388884 -074.06526143 1
111  04.81389320 -074.06526353 1
116  04.81389660 -074.06533034  04.81387393 -074.06538933
120 Linear Feature 86
111  04.81384296 -074.06534492 1
111  04.81386318 -074.06527538 1
116  04.81388887 -074.06526142  04.81390399 -074.06526688
120 Linear Feature 85
111  04.81387980 -074.06549199 1
111  04.81390338 -074.06541433 1
116  04.81393361 -074.06549078  04.81393560 -074.06563268
120 Linear Feature 84
111  04.81387857 -074.06562695 1
111  04.81394178 -074.06559420 1
116  04.81396236 -074.06562814  04.81393290 -074.06567486
120 A12
111  04.81384463 -074.06642100 1
111  04.81406403 -074.06637381 1
116  04.81409453 -074.06631905  04.81408025 -074.06627017
120 Linear Feature 80
111  04.81409478 -074.06631921 1
115  04.81400598 -074.06602686
120 Linear Feature 79
111  04.81395400 -074.06599340 1
116  04.81400613 -074.06602675  04.81401348 -074.06606433
120 A13
111  04.81391885 -074.06564570 1
111  04.81399068 -074.06594496 1
112  04.81395368 -074.06599302  04.81391233 -074.06600030 1
111  04.81377367 -074.06602533 1
115  04.81375596 -074.06603844
120 Linear Feature 77
111  04.81387862 -074.06562666 1
116  04.81391894 -074.06564560  04.81392547 -074.06567836
120 A14
111  04.81367516 -074.06569001 1
111  04.81387831 -074.06562666 1
116  04.81390516 -074.06558007  04.81389863 -074.06554657
120 A15
111  04.81355399 -074.06529543 1
111  04.81378384 -074.06526660 1
112  04.81384031 -074.06533138  04.81385424 -074.06540652 1
115  04.81390484 -074.06558036
120 Linear Feature 74
111  04.81301400 -074.06272827 1
116  04.81297830 -074.06272302  04.81297220 -074.06271691
120 A18
111  04.81329174 -074.06266535 1
111  04.81303837 -074.06272302 1
111  04.81301313 -074.06272827 1
116  04.81298614 -074.06275186  04.81298265 -074.06276059
120 A19
111  04.81309354 -074.06163659 1
115  04.81278323 -074.06169635
120 A20
111  04.81237637 -074.06014737 1
115  04.81266790 -074.06007613
120 A20
111  04.81242411 -074.05964613 1
116  04.81217691 -074.05944510  04.81212049 -074.05920730
120 A21
111  04.81256418 -074.05960627 1
111  04.81242423 -074.05964613 1
116  04.81229008 -074.05993300  04.81233522 -074.06012927
120 Linear Feature 65
111  04.81220084 -074.05612492 1
115  04.81230925 -074.05609458
120 Linear Feature 64
111  04.81225946 -074.05601338 1
115  04.81224951 -074.05598324
120 Linear Feature 63
111  04.81216653 -074.05604262 1
115  04.81215638 -074.05601158
120 Linear Feature 62
111  04.81205999 -074.05604360 1
115  04.81206828 -074.05607422
120 Linear Feature 61
111  04.81195366 -074.05607704 1
115  04.81196424 -074.05610789
120 Linear Feature 60
111  04.81185469 -074.05614441 1
115  04.81184380 -074.05611407
120 Linear Feature 59
111  04.81173714 -074.05614775 1
115  04.81174720 -074.05617830
120 Linear Feature 57
111  04.81162233 -074.05618529 1
115  04.81163358 -074.05621515
120 Linear Feature 54
111  04.81151421 -074.05621899 1
115  04.81152411 -074.05624979
120 Linear Feature 52
111  04.81246562 -074.05704598 1
116  04.81250028 -074.05695746  04.81248489 -074.05689496
120 Linear Feature 51
111  04.81211176 -074.05703575 1
116  04.81209217 -074.05712740  04.81205193 -074.05713582
120 Linear Feature 50
111  04.81211211 -074.05703540 1
116  04.81217754 -074.05710879  04.81222653 -074.05709825
120 Linear Feature 49
111  04.81193815 -074.05716092 1
115  04.81246574 -074.05704596
120 Linear Feature 48
111  04.81233000 -074.05626831 1
115  04.81250026 -074.05695751
120 Linear Feature 47
111  04.81194203 -074.05632396 1
115  04.81211169 -074.05703539
120 A27
111  04.81193775 -074.05715984 1
115  04.81173278 -074.05721020
120 Linear Feature 44
112  04.81062006 -074.05533164  04.81062739 -074.05535553 1
116  04.81069565 -074.05542692  04.81069824 -074.05544291
120 Linear Feature 42
111  04.81069490 -074.05542400 1
116  04.81071757 -074.05535784  04.81076754 -074.05533846
120 Linear Feature 41
111  04.81062016 -074.05533172 1
116  04.81071673 -074.05535826  04.81079693 -074.05532751
120 Linear Feature 40
111  04.81020516 -074.05420055 1
115  04.81061997 -074.05533155
120 Linear Feature 39
111  04.81069448 -074.05542322 1
115  04.81114689 -074.05655384
120 Linear Feature 38
111  04.81087788 -074.05529600 1
115  04.81071614 -074.05535819
120 Linear Feature 37
111  04.81067568 -074.05471248 1
116  04.81080089 -074.05473951  04.81089561 -074.05471018
120 Linear Feature 36
111  04.81068244 -074.05473139 1
115  04.81077031 -074.05488437
120 Linear Feature 35
111  04.81046018 -074.05410700 1
115  04.81068239 -074.05473119
120 Linear Feature 34
111  04.81123286 -074.05449860 1
111  04.81125035 -074.05455858 1
116  04.81128476 -074.05457234  04.81130750 -074.05456502
120 Linear Feature 32
111  04.81123302 -074.05449854 1
116  04.81117783 -074.05461191  04.81110668 -074.05463707
120 Linear Feature 31
111  04.81123296 -074.05449828 1
115  04.81105871 -074.05393144
120 Linear Feature 30
111  04.81183624 -074.05454230 1
116  04.81185053 -074.05450467  04.81184311 -074.05448520
120 Linear Feature 29
111  04.81183591 -074.05454244 1
116  04.81186963 -074.05455475  04.81187971 -074.05458105
120 Linear Feature 28
111  04.81204363 -074.05502319 1
115  04.81157000 -074.05375016
120 Linear Feature 26
111  04.81143707 -074.05462588 1
116  04.81149401 -074.05456116  04.81155800 -074.05456217
120 Linear Feature 25
111  04.81135385 -074.05455893 1
112  04.81153984 -074.05456413  04.81158217 -074.05456777 1
111  04.81171760 -074.05458233 1
112  04.81179862 -074.05455867  04.81183308 -074.05454289 1
115  04.81183611 -074.05454229
120 Linear Feature 24
111  04.81132790 -074.05624271 1
112  04.81132512 -074.05623595  04.81132389 -074.05623269 1
111  04.81076991 -074.05488356 1
112  04.81081399 -074.05473540  04.81092924 -074.05470496 1
111  04.81129766 -074.05456765 1
112  04.81143706 -074.05462519  04.81146866 -074.05472484 1
115  04.81160445 -074.05511456
120 Linear Feature 23
111  04.81191738 -074.05623293 1
116  04.81196061 -074.05618074  04.81201624 -074.05616739
120 Linear Feature 22
111  04.81185471 -074.05620730 1
112  04.81191826 -074.05623264  04.81192697 -074.05626671 1
115  04.81194177 -074.05632350
120 A28
111  04.81153688 -074.05673265 1
111  04.81150277 -074.05660787 1
112  04.81168027 -074.05625375  04.81194732 -074.05617952 1
111  04.81220079 -074.05612476 1
112  04.81230610 -074.05618364  04.81232867 -074.05626668 1
115  04.81233017 -074.05626819
120 Linear Feature 152
111  04.81541536 -074.07066920 2
116  04.81539730 -074.07073240  04.81536509 -074.07074289
120 Linear Feature 126
111  04.81531145 -074.06716845 24
115  04.81536047 -074.06711560
120 Linear Feature 2
111  04.81158164 -074.05512869 1
115  04.81163267 -074.05511158
120 Linear Feature 18
112  04.81544299 -074.07140743  04.81543049 -074.07135421 1
112  04.81549719 -074.07132542  04.81552080 -074.07132089 1
112  04.81557727 -074.07137920  04.81558692 -074.07142679 1
112  04.81552717 -074.07145296  04.81551752 -074.07145440 1
116  04.81544360 -074.07140784  04.81542903 -074.07134767
120 Linear Feature 9
111  04.81228688 -074.05925935 1
115  04.81223379 -074.05920854
120 Linear Feature 8
111  04.81224832 -074.05914138 1
115  04.81228298 -074.05909226
120 Linear Feature 6
111  04.81266783 -074.06007628 1
115  04.81286746 -074.06002933
120 Linear Feature 5
111  04.81289651 -074.06625214 1
112  04.81294740 -074.06621347  04.81299170 -074.06620541 1
111  04.81364551 -074.06607772 1
116  04.81371088 -074.06609144  04.81371472 -074.06610216
120 Linear Feature 4
111  04.81290448 -074.06610001 1
116  04.81285483 -074.06607729  04.81284771 -074.06605823
120 Linear Feature 3
111  04.81290411 -074.06609996 1
111  04.81365224 -074.06595178 1
116  04.81367439 -074.06593696  04.81367070 -074.06592708
120 A16
111  04.81342641 -074.06408647 1
115  04.81332300 -074.06411022
120 A9
111  04.81484848 -074.06889763 1
115  04.81455955 -074.06936155
120 A10
111  04.81437064 -074.06860595 1
115  04.81484868 -074.06889771
120 Linear Feature 24
111  04.81133765 -074.05620292 2
115  04.81128889 -074.05622021
120 A25
111  04.81222215 -074.05876642 1
115  04.81203015 -074.05866605
120 A24
111  04.81209127 -074.05892998 1
111  04.81220819 -074.05876786 1
115  04.81234933 -074.05875031
21  04.81401140 -074.06980996 2 103.2800 5.24 New Light Fixture 8
14  04.81443402 -074.06767582  26.25 0 SKGY TOWER
1300  04.81389624 -074.06532980 251.57 tie_down props New Ramp Start 30
1301 A general_aviation 
1300  04.81393419 -074.06548943 256.33 tie_down props New Ramp Start 29
1301 A general_aviation 
1300  04.81396424 -074.06562470 237.99 tie_down props New Ramp Start 28
1301 A general_aviation 
1300  04.81399159 -074.06574595 231.19 tie_down props New Ramp Start 27
1301 A general_aviation 
1300  04.81401575 -074.06585138 232.51 tie_down props New Ramp Start 26
1301 A general_aviation 
1300  04.81404172 -074.06596214 229.90 tie_down props New Ramp Start 25
1301 A general_aviation 
1300  04.81759423 -074.07337988 -73.07 tie_down props Aerocentro 1
1301 A general_aviation 
1300  04.81710345 -074.07183251 -77.66 tie_down helos H1
1301 A military 
1300  04.81638452 -074.07199727 -75.47 tie_down helos H3
1301 A military 
1300  04.81677509 -074.07190188 -75.96 tie_down helos H2
1301 A military 
1300  04.81579556 -074.07237910   0.00 tie_down helos H10
1301 A military 
1300  04.81575076 -074.07215433   0.00 tie_down helos H9
1301 A military 
1300  04.81570597 -074.07194455   0.00 tie_down helos H8
1301 A military 
1300  04.81598071 -074.07185464 -130.46 tie_down helos H7
1301 A military 
1300  04.81602252 -074.07206442 -131.53 tie_down helos H6
1301 A military 
1300  04.81607030 -074.07229518 -138.99 tie_down helos H5
1301 A military 
1300  04.81611509 -074.07272074 -166.36 tie_down helos H4
1301 A military 
1300  04.81585827 -074.07279266   0.00 tie_down helos H11
1301 A military 
1300  04.81572698 -074.06854280 -75.47 tie_down turboprops|props|helos H19
1301 B military 
1300  04.81550914 -074.06858137 -77.99 tie_down turboprops|props|helos H18
1301 A none 
1300  04.81525354 -074.06863857 -79.29 tie_down turboprops|props|helos H17
1301 A military 
1300  04.81497136 -074.06869851 -77.91 tie_down turboprops|props|helos H16
1301 A military 
1300  04.81578250 -074.06884551 101.73 tie_down turboprops|props|helos H12
1301 B military 
1300  04.81565920 -074.06899036 104.42 tie_down turboprops|props|helos H13
1301 A military 
1300  04.81534464 -074.06906122 101.62 tie_down turboprops|props|helos H14
1301 A military 
1300  04.81504797 -074.06911291 102.74 tie_down turboprops|props|helos H15
1301 A military 
1300  04.81517736 -074.06712550 -73.28 tie_down turboprops|props New Ramp Start 93
1301 A general_aviation 
1300  04.81526350 -074.06704893 -76.53 tie_down turboprops|props New Ramp Start 92
1301 A general_aviation 
1300  04.81586615 -074.06709461 -166.27 tie_down turboprops|props New Ramp Start 91
1301 A general_aviation 
1300  04.81566174 -074.06714425 -166.65 tie_down turboprops|props New Ramp Start 90
1301 A general_aviation 
1300  04.81250257 -074.05975452 103.17 tie_down turboprops|props|helos New Ramp Start 55
1301 A military 
1300  04.81536731 -074.06675348 -167.63 tie_down turboprops|props New Ramp Start 88
1301 A general_aviation 
1300  04.81555667 -074.06671244 -167.65 tie_down turboprops|props New Ramp Start 87
1301 A general_aviation 
1300  04.81518239 -074.06666316 195.06 tie_down turboprops|props New Ramp Start 85
1301 A general_aviation 
1300  04.81514901 -074.06649131 -165.52 tie_down turboprops|props New Ramp Start 84
1301 A general_aviation 
1300  04.81225946 -074.05601224 -71.44 tie_down turboprops|props New Ramp Start 79
1301 A general_aviation 
1300  04.81216652 -074.05604163 -74.61 tie_down turboprops|props New Ramp Start 78
1301 A general_aviation 
1300  04.81206825 -074.05607291 -75.01 tie_down turboprops|props New Ramp Start 77
1301 A general_aviation 
1300  04.81196396 -074.05610787 -70.76 tie_down turboprops|props New Ramp Start 76
1301 A general_aviation 
1300  04.81185560 -074.05614562 -69.95 tie_down turboprops|props New Ramp Start 75
1301 A general_aviation 
1300  04.81174806 -074.05618049 -70.37 tie_down turboprops|props New Ramp Start 74
1301 A general_aviation 
1300  04.81163414 -074.05621528 -69.71 tie_down turboprops|props New Ramp Start 73
1301 A general_aviation 
1300  04.81152301 -074.05624565 -73.51 tie_down turboprops|props New Ramp Start 72
1301 A general_aviation 
1300  04.81213166 -074.05832477 -165.99 tie_down turboprops|props|helos New Ramp Start 36
1301 A military 
1300  04.81217283 -074.05848250 -167.18 tie_down turboprops|props|helos New Ramp Start 35
1301 A military 
1300  04.81227961 -074.05876006   0.00 tie_down turboprops|props|helos New Ramp Start 34
1301 A military 
1300  04.81248981 -074.05900667 -74.40 tie_down turboprops|props|helos New Ramp Start 26
1301 A military 
1300  04.81262149 -074.05897443 -78.23 tie_down turboprops|props|helos New Ramp Start 25
1301 A military 
1300  04.81276399 -074.05894421 -75.96 tie_down turboprops|props|helos New Ramp Start 24
1301 A military 
1300  04.81290993 -074.05900619 -119.11 tie_down turboprops|props|helos New Ramp Start 23
1301 A military 
1300  04.81294178 -074.05912867 105.87 tie_down turboprops|props|helos New Ramp Start 22
1301 A military 
1300  04.81281152 -074.05916012 100.37 tie_down turboprops|props|helos New Ramp Start 21
1301 A military 
1300  04.81267507 -074.05919061 103.80 tie_down turboprops|props|helos New Ramp Start 20
1301 A military 
1300  04.81253770 -074.05922460 104.47 tie_down turboprops|props|helos New Ramp Start 19
1301 A military 
1300  04.81298420 -074.06007778 151.02 tie_down turboprops|props|helos New Ramp Start 18
1301 A military 
1300  04.81293353 -074.05985716 -78.44 tie_down turboprops|props|helos New Ramp Start 17
1301 A military 
1300  04.81281320 -074.05988332 -77.20 tie_down turboprops|props|helos New Ramp Start 16
1301 A military 
1300  04.81269287 -074.05990976 -78.11 tie_down turboprops|props|helos New Ramp Start 15
1301 A military 
1300  04.81286759 -074.06002862 -166.47 tie_down turboprops|props|helos New Ramp Start 14
1301 A military 
1300  04.81322474 -074.06139721 -77.29 tie_down turboprops|props|helos New Ramp Start 11
1301 A military 
1300  04.81310359 -074.06142230 -79.79 tie_down turboprops|props|helos New Ramp Start 10
1301 A military 
1300  04.81334346 -074.06136491 -74.11 tie_down turboprops|props|helos New Ramp Start 9
1301 A military 
1300  04.81342761 -074.06280280 151.51 tie_down turboprops|props|helos New Ramp Start 7
1301 A military 
1300  04.81355691 -074.06247391 -166.97 tie_down turboprops|props|helos New Ramp Start 8
1301 A military 
1300  04.81360172 -074.06266919 193.83 tie_down turboprops|props|helos New Ramp Start 6
1301 A military 
1300  04.81332252 -074.06229853 -76.25 tie_down turboprops|props|helos New Ramp Start 5
1301 A military 
1300  04.81688409 -074.06833562   0.00 tie_down turboprops|props|helos New Ramp Start 1
1301 A military 
1300  04.81245045 -074.05950957 -78.04 tie_down turboprops|props|helos New Ramp Start 54
1301 A military 
1300  04.81635801 -074.07234875 -114.81 tie_down turboprops|props|helos Helistar 2
1301 A military 
1300  04.81622961 -074.07238320 -117.15 tie_down turboprops|props|helos Helistar 1
1301 A military 
1300  04.81620465 -074.07047783 -78.27 tie_down turboprops|props New Ramp Start 24
1301 A military 
1300  04.81541937 -074.07068514 282.80 tie_down turboprops|props New Ramp Start 23
1301 A military 
1300  04.81555619 -074.07064962 -76.28 tie_down turboprops|props New Ramp Start 22
1301 A military 
1300  04.81567308 -074.07061425 -75.30 tie_down turboprops|props New Ramp Start 21
1301 A military 
1300  04.81579255 -074.07058408 -73.65 tie_down turboprops|props New Ramp Start 20
1301 A military 
1300  04.81591621 -074.07055748 -76.29 tie_down turboprops|props New Ramp Start 19
1301 A military 
1300  04.81605961 -074.07051613 -74.50 tie_down turboprops|props New Ramp Start 18
1301 A military 
1300  04.81564912 -074.07072959 101.20 tie_down props New Ramp Start 17
1301 A military 
1300  04.81582124 -074.07068813 102.25 tie_down props New Ramp Start 16
1301 A military 
1300  04.81600411 -074.07064664 103.09 tie_down props New Ramp Start 15
1301 A military 
1300  04.81520865 -074.07013724 287.78 tie_down turboprops|props New Ramp Start 13
1301 A military 
1300  04.81540672 -074.07006573 288.28 tie_down turboprops|props New Ramp Start 12
1301 A military 
1300  04.81504423 -074.07007346 -70.56 tie_down turboprops|props New Ramp Start 11
1301 A military 
1300  04.81497820 -074.07019168  16.73 tie_down turboprops|props New Ramp Start 10
1301 A military 
1300  04.81545243 -074.07022426 102.99 tie_down turboprops|props New Ramp Start 9
1301 A military 
1300  04.81531672 -074.07025598 102.58 tie_down turboprops|props New Ramp Start 8
1301 A military 
1300  04.81517650 -074.07031519 104.59 tie_down turboprops|props New Ramp Start 7
1301 A military 
1300  04.81520015 -074.07062004 -78.48 tie_down turboprops|props|helos New Ramp Start 30
1301 A military 
1300  04.81504585 -074.07035752 107.24 tie_down turboprops|props New Ramp Start 6
1301 A military 
1300  04.81549220 -074.06626985  12.49 tie_down helos Helipad 5
1301 A general_aviation 
1300  04.81551084 -074.07139290 -167.80 tie_down helos Helipad 1
1301 A military 
1300  04.81365866 -074.06363304 191.69 tie_down helos Helipad 6
1301 A military 
1300  04.81690237 -074.07379801 -31.15 tie_down turboprops|props Aerocentro 3
1301 A general_aviation 
1300  04.81696813 -074.07377799 242.87 tie_down turboprops|props Aerocentro 2
1301 A general_aviation 
1300  04.81546955 -074.06719116 -165.66 tie_down turboprops|props New Ramp Start 89
1301 A general_aviation 
1300  04.81577753 -074.06666727 -167.04 tie_down turboprops|props New Ramp Start 86
1301 A general_aviation 
1300  04.81087568 -074.05655904 -63.84 tie_down helos New Ramp Start 5
1301 A general_aviation 
1300  04.81128104 -074.05661152 110.81 tie_down helos New Ramp Start 4
1301 A general_aviation 
1300  04.81113661 -074.05665595 111.15 tie_down helos New Ramp Start 3
1301 A general_aviation 
1300  04.81097850 -074.05670244 113.12 tie_down helos New Ramp Start 2
1301 A general_aviation 
1300  04.81492661 -074.07005630  20.07 tie_down helos Helipad 2
1301 A general_aviation 
1300  04.81555588 -074.06941384 105.23 tie_down helos Helipad 4
1301 A general_aviation 
1300  04.81539155 -074.06946695  98.16 tie_down helos Helipad 3
1301 A general_aviation 
1300  04.81611324 -074.07062889 153.98 tie_down turboprops|props New Ramp Start 26
1301 A military 
1300  04.81623771 -074.07060249 154.62 tie_down turboprops|props New Ramp Start 25
1301 A military 
1300  04.81510451 -074.06721025 -75.48 tie_down turboprops|props New Ramp Start 94
1301 A general_aviation 
1300  04.81335595 -074.06151072 -167.01 tie_down turboprops|props|helos New Ramp Start 13
1301 A military 
1300  04.81337818 -074.06163562 -172.20 tie_down turboprops|props|helos New Ramp Start 12
1301 A military 
19  04.81050292 -074.05888241 1 WS
1053 121700 GND
1054 118800 TWR
1055 119500 BOGOTA APP
99
