I
1000 Generated by WorldEditor 2.2.0r2

1     89 0 0 SKPB Puerto Bolivar
1302 city Portete
1302 country Colombia
1302 datum_lat 12.221666667
1302 datum_lon -71.984166667
1302 faa_code 
1302 gui_label 3D
1302 iata_code 
1302 icao_code SKPB
1302 region_code SK
1302 state La Guajira Department
1302 transition_alt 18000
1302 transition_level 19000
100 45.11 1 0 0.25 0 0 0 09  12.22064899 -071.99159528    0  109 0 10 0 0 27  12.22245984 -071.97707134    0   99 0 0 0 0
102 H1  12.22440863 -071.98472959 353.88 9.90 9.90 15 0 0 0.00 0
110 14 0.00 172.9200 H letter
111  12.22440368 -071.98474031
111  12.22440681 -071.98471154
111  12.22438212 -071.98470873
111  12.22438322 -071.98469862
111  12.22443939 -071.98470501
111  12.22443830 -071.98471512
111  12.22441653 -071.98471264
111  12.22441339 -071.98474141
111  12.22443518 -071.98474389
111  12.22443408 -071.98475400
111  12.22437791 -071.98474761
113  12.22437900 -071.98473750
110 2 0.00 172.9200 pad
111  12.22444708 -071.98477817
111  12.22435967 -071.98476817
111  12.22436934 -071.98467966
113  12.22445675 -071.98468966
110 1 0.25 82.7000 blast pad
111  12.22085341 -071.99162601
111  12.22072735 -071.99261784
111  12.22032263 -071.99256451
113  12.22044612 -071.99157285
110 1 0.00 172.9200 ramp extension
111  12.22506004 -071.98469833
111  12.22399245 -071.98457624
111  12.22400106 -071.98451736
113  12.22506865 -071.98463944
110 1 0.00 82.0000 27 overlay
111  12.22277356 -071.97619699
111  12.22266168 -071.97709842
111  12.22225793 -071.97704563
113  12.22237071 -071.97614437
110 1 0.00 172.9200 New Taxiway 4
111  12.22186101 -071.98498905
112  12.22186101 -071.98498905  12.22171766 -071.98497252 20
112  12.22166864 -071.98508098  12.22165956 -071.98515638
111  12.22166864 -071.98508098
111  12.22156657 -071.98506982
111  12.22161470 -071.98463951
111  12.22172205 -071.98465459
112  12.22172205 -071.98465459  12.22171599 -071.98471346 20
112  12.22188726 -071.98478763  12.22200840 -071.98480519
113  12.22188726 -071.98478763
110 1 0.00 172.9200 New Taxiway 3
111  12.22379887 -071.98523932 20
111  12.22186101 -071.98498905
111  12.22188726 -071.98478763 20
113  12.22381547 -071.98503811
110 1 0.00 172.9200 New Taxiway 5
111  12.22496375 -071.98537945 20
111  12.22379887 -071.98523932
111  12.22381547 -071.98503811
112  12.22381547 -071.98503811  12.22384575 -071.98503725 20
112  12.22395477 -071.98487396  12.22396655 -071.98475001 20
111  12.22399245 -071.98457624 20
113  12.22506004 -071.98469833 20
110 1 0.00 172.9200 New Taxiway 8
111  12.22109318 -071.99166186 20
111  12.22085355 -071.99162945
111  12.22078321 -071.99161993
111  12.22092036 -071.99055872
111  12.22097841 -071.99056801
111  12.22098085 -071.99060452 20
111  12.22102917 -071.99132721 20
112  12.22112034 -071.99145722  12.22121494 -071.99146992
113  12.22112034 -071.99145722
110 1 0.00 172.9200 New Taxiway 7
111  12.22131924 -071.99008577 20
111  12.22176532 -071.99067076
112  12.22176532 -071.99067076  12.22183691 -071.99076527 20
112  12.22189532 -071.99103451  12.22188801 -071.99119515
111  12.22189532 -071.99103451 20
111  12.22187141 -071.99130135
112  12.22187141 -071.99130135  12.22183590 -071.99155565 20
112  12.22144172 -071.99171029  12.22125737 -071.99170259
111  12.22144172 -071.99171029 20
111  12.22109318 -071.99166186
111  12.22112034 -071.99145722 20
111  12.22145945 -071.99150434
112  12.22145945 -071.99150434  12.22156203 -071.99150862 20
112  12.22167088 -071.99127730  12.22169390 -071.99111238
111  12.22167088 -071.99127730 20
111  12.22169391 -071.99102028
112  12.22169391 -071.99102028  12.22169809 -071.99092818 20
112  12.22160599 -071.99079753  12.22154109 -071.99071186
111  12.22160599 -071.99079753 20
113  12.22116011 -071.99021280
110 1 0.00 172.9200 New Taxiway 13
111  12.22246185 -071.97809164
111  12.22316007 -071.97818483
112  12.22316007 -071.97818483  12.22323609 -071.97820174
112  12.22343651 -071.97860518  12.22340930 -071.97889078
111  12.22343651 -071.97860518
111  12.22339659 -071.97894976
112  12.22339659 -071.97894976  12.22337410 -071.97910096
111  12.22322379 -071.97922412
111  12.22309812 -071.97906353
112  12.22319732 -071.97892217  12.22320749 -071.97885375
111  12.22319732 -071.97892217
111  12.22323627 -071.97858590
112  12.22323627 -071.97858590  12.22324500 -071.97845798
112  12.22312114 -071.97838670  12.22307874 -071.97835882
111  12.22286157 -071.97833958
112  12.22286157 -071.97833958  12.22281303 -071.97833384
112  12.22263340 -071.97850665  12.22257089 -071.97864498
111  12.22240314 -071.97914492
113  12.22232181 -071.97913487
110 1 0.00 172.9200 New Taxiway 12
111  12.22322379 -071.97922412
111  12.22245664 -071.97981125
112  12.22245664 -071.97981125  12.22231534 -071.97992727
111  12.22229392 -071.98006417
111  12.22216769 -071.98005132
111  12.22223373 -071.97948273
111  12.22236546 -071.97950261
112  12.22249733 -071.97954545  12.22258310 -071.97948744
111  12.22249733 -071.97954545
113  12.22309812 -071.97906353
110 1 0.00 172.9200 New Taxiway 9
111  12.22116011 -071.99021280
112  12.22116011 -071.99021280  12.22111287 -071.99015083 20
111  12.22102830 -071.99021417
111  12.22093559 -071.99020543
111  12.22099717 -071.98966005
111  12.22109383 -071.98968294
112  12.22109383 -071.98968294  12.22108292 -071.98979821 20
111  12.22115773 -071.98987816 20
113  12.22131924 -071.99008577
110 2 0.00 172.9200 papi pad
111  12.22153968 -071.98949665
111  12.22130407 -071.98946533
111  12.22130575 -071.98945207
113  12.22154136 -071.98948340
130 Airport Boundary
111  12.21768131 -071.99666198
111  12.22057165 -071.97300338
111  12.22244137 -071.97062913
111  12.22557107 -071.97100901
111  12.22404449 -071.98338999
111  12.22582845 -071.98364388
111  12.22553907 -071.98586805
111  12.22379678 -071.98565477
113  12.22240088 -071.99672015
120 hold
111  12.22164045 -071.99050717 54
115  12.22148229 -071.99063512
120 hold
111  12.22136689 -071.99149157 54
115  12.22133862 -071.99169572
120 Linear Feature 3
111  12.22101397 -071.98879933 51
111  12.22092007 -071.98954835
112  12.22092007 -071.98954835  12.22091433 -071.98959104 51
112  12.22096118 -071.98977016  12.22102431 -071.98988212
111  12.22096118 -071.98977016 51
111  12.22124080 -071.99014839 51
111  12.22168678 -071.99073325
112  12.22168678 -071.99073325  12.22175507 -071.99082341 51
112  12.22179603 -071.99102750  12.22179027 -071.99115435
111  12.22179603 -071.99102750 51
111  12.22177256 -071.99128950
112  12.22177256 -071.99128950  12.22174321 -071.99149974 51
112  12.22145046 -071.99160877  12.22130642 -071.99160276
111  12.22145046 -071.99160877 51
111  12.22075494 -071.99150949
112  12.22075494 -071.99150949  12.22067131 -071.99149566 51
111  12.22069449 -071.99136049 51
115  12.22076241 -071.99081503
120 Linear Feature 8
111  12.22159766 -071.98484501 51
112  12.22152098 -071.98473361  12.22153037 -071.98464611
111  12.22152098 -071.98473361 51
115  12.22164822 -071.98371143
120 Linear Feature 1
111  12.22388254 -071.98514412 51
112  12.22408558 -071.98501929  12.22410679 -071.98485466 51
111  12.22410856 -071.98483476 51
112  12.22425001 -071.98475696  12.22436848 -071.98476963 51
111  12.22473406 -071.98481588 51
112  12.22490911 -071.98493528  12.22490381 -071.98497689 51
111  12.22487905 -071.98516686 51
114  12.22465096 -071.98523560  12.22448829 -071.98521751 51
120 Linear Feature 6
111  12.22447972 -071.98466852 51
111  12.22392730 -071.98513295
112  12.22392730 -071.98513295  12.22390696 -071.98514891 51
111  12.22388361 -071.98514410 51
111  12.22159766 -071.98484501
112  12.22159766 -071.98484501  12.22158567 -071.98484608 51
112  12.22149680 -071.98492324  12.22148428 -071.98498727
111  12.22149680 -071.98492324 51
115  12.22140059 -071.98569557
120 Linear Feature 1
111  12.22448818 -071.98468053 51
115  12.22447068 -071.98465793
120 Linear Feature 1
112  12.22098085 -071.99060452  12.22098100 -071.99051587 20
112  12.22102222 -071.99025529  12.22102858 -071.99021410
111  12.22102222 -071.99025529
112  12.22102222 -071.99025529  12.22102283 -071.99025135 20
115  12.22102874 -071.99021412
120 hold
111  12.22291146 -071.97921338 54
115  12.22303300 -071.97936983
120 hold
111  12.22301925 -071.97816629 54
115  12.22299033 -071.97835459
120 Linear Feature 4
111  12.22224834 -071.97889007 51
111  12.22231909 -071.97831592
112  12.22231909 -071.97831592  12.22233877 -071.97817141 51
111  12.22244354 -071.97819619 51
112  12.22317401 -071.97829960  12.22320475 -071.97831982
111  12.22317401 -071.97829960
112  12.22317401 -071.97829960  12.22321279 -071.97832511 51
112  12.22332996 -071.97859492  12.22331679 -071.97878810
111  12.22332996 -071.97859492 51
111  12.22329055 -071.97893508
112  12.22329055 -071.97893508  12.22327461 -071.97904223 51
111  12.22315654 -071.97913897 51
111  12.22216804 -071.97994031 51
112  12.22210399 -071.98004541  12.22209507 -071.98011006
111  12.22210399 -071.98004541 51
115  12.22203164 -071.98062716
120 hold
111  12.22218914 -071.98482819 54
115  12.22216556 -071.98502709
120 Linear Feature 2
111  12.22057473 -071.99219082 20
115  12.22059162 -071.99225459
120 Linear Feature 2
111  12.22057724 -071.99219012 20
115  12.22059413 -071.99225390
120 Linear Feature 1
111  12.22054622 -071.99242040 20
115  12.22056688 -071.99225300
120 Linear Feature 1
111  12.22054930 -071.99242079 20
115  12.22056995 -071.99225339
120 Linear Feature 1
111  12.22055241 -071.99242118 20
115  12.22057307 -071.99225378
120 broken line
111  12.22073420 -071.99256357 22
115  12.22081308 -071.99193067
120 rwy center stripes
111  12.22069010 -071.99126545
111  12.22074411 -071.99083226 20
111  12.22079812 -071.99039907
111  12.22085213 -071.98996588 20
111  12.22090614 -071.98953269
111  12.22096015 -071.98909950 20
111  12.22101416 -071.98866631
111  12.22106817 -071.98823312 20
111  12.22112218 -071.98779993
111  12.22117619 -071.98736674 20
111  12.22123020 -071.98693355
111  12.22128422 -071.98650036 20
111  12.22133823 -071.98606717
111  12.22139223 -071.98563398 20
111  12.22144625 -071.98520079
111  12.22150026 -071.98476760 20
111  12.22155427 -071.98433441
111  12.22160828 -071.98390122 20
111  12.22166229 -071.98346803
111  12.22171630 -071.98303484 20
111  12.22177031 -071.98260165
111  12.22182432 -071.98216846 20
111  12.22187833 -071.98173527
111  12.22193234 -071.98130208 20
111  12.22198635 -071.98086889
111  12.22204036 -071.98043570 20
111  12.22209437 -071.98000251
111  12.22214838 -071.97956932 20
111  12.22220239 -071.97913613
111  12.22225640 -071.97870294 20
111  12.22231041 -071.97826975
111  12.22236442 -071.97783656 20
111  12.22238396 -071.97767980
115  12.22241843 -071.97740337
120 blastpad arrow
111  12.22235237 -071.97630378 19
111  12.22252613 -071.97653777 19
115  12.22275064 -071.97636849
120 blastpad arrow
111  12.22230754 -071.97667076 19
111  12.22248093 -071.97690090 19
115  12.22270544 -071.97673162
21  12.22142472 -071.98947517 2 82.7300 3.00 09  PAPI-4L
1300  12.22457236 -071.98531564 262.04 tie_down turboprops|props G.A. Ramp Start
1300  12.22355094 -071.98428599 173.39 tie_down turboprops|props G.A. Ramp Start
1300  12.22405888 -071.98460208  81.58 tie_down turboprops|props G.A. Ramp Start
1300  12.22434711 -071.98528693 262.04 tie_down turboprops|props G.A. Ramp Start
1300  12.22468623 -071.98533016 262.04 tie_down turboprops|props G.A. Ramp Start
1300  12.22446098 -071.98530145 262.04 tie_down turboprops|props G.A. Ramp Start
1300  12.22489148 -071.98472038  81.90 gate jets|turboprops|props Airline Gate
54 11860 Puerto Bolivar Tower
55 11930 Cerrejon Approach
1200 
1201  12.22209477 -071.98000243 both 0 _stop
1201  12.22064899 -071.99159528 both 1 _stop
1201  12.22245984 -071.97707134 both 2 _start
1201  12.22232186 -071.97818122 both 3 _start
1201  12.22300374 -071.97826712 both 4 _start
1201  12.22313089 -071.97828320 both 5 _start
1201  12.22334167 -071.97846264 both 6 _start
1201  12.22329957 -071.97902047 both 7 _start
1201  12.22297024 -071.97928904 both 8 _start
1201  12.22149269 -071.98482999 both 9 _start
1201  12.22217825 -071.98492005 both 10 _start
1201  12.22391160 -071.98514784 both 11 _start
1201  12.22407810 -071.98500737 both 12 _start
1201  12.22088821 -071.98967952 both 13 _start
1201  12.22156189 -071.99057189 both 14 _start
1201  12.22174351 -071.99081215 both 15 _start
1201  12.22066187 -071.99149237 both 16 _start
1201  12.22447972 -071.98466852 both 17 _stop
1201  12.22145178 -071.99160848 both 18 _stop
1201  12.22135406 -071.99159456 both 19 _stop
1201  12.22175067 -071.99144626 both 20 _stop
1201  12.22179302 -071.99111609 both 21 _stop
1201  12.22473722 -071.98508309 both 22 _start
1202 3 4 twoway taxiway 
1204 departure 09,27
1204 arrival 09,27
1202 4 5 twoway taxiway 
1202 5 6 twoway taxiway 
1202 6 7 twoway taxiway 
1202 7 8 twoway taxiway 
1202 8 0 twoway taxiway 
1204 departure 09,27
1204 arrival 09,27
1202 2 3 twoway runway 09/27
1204 departure 09,27
1204 arrival 09,27
1204 ils 09,27
1202 3 0 twoway runway 09/27
1204 departure 09,27
1204 arrival 09,27
1204 ils 09,27
1202 0 9 twoway runway 09/27
1204 departure 09,27
1204 arrival 09,27
1204 ils 09,27
1202 9 13 twoway runway 09/27
1204 departure 09,27
1204 arrival 09,27
1204 ils 09,27
1202 13 16 twoway runway 09/27
1204 departure 09,27
1204 arrival 09,27
1204 ils 09,27
1202 16 1 twoway runway 09/27
1204 departure 09,27
1204 arrival 09,27
1204 ils 09,27
1202 9 10 twoway taxiway 
1204 departure 09,27
1204 arrival 09,27
1202 10 11 twoway taxiway 
1202 11 12 twoway taxiway 
1202 12 17 twoway taxiway 
1202 21 15 twoway taxiway 
1202 18 19 twoway taxiway 
1202 19 16 twoway taxiway 
1204 departure 09,27
1204 arrival 09,27
1202 20 18 twoway taxiway 
1202 21 20 twoway taxiway 
1202 13 14 twoway taxiway 
1204 departure 09,27
1204 arrival 09,27
1202 14 15 twoway taxiway 
1202 22 12 twoway taxiway 
99
